Sample	22	27	32	37	42	47	52	57	62	67	72	77	82	87	92	97	102	107	112	117	122	127	132	137	141
fastQC | 1	6760.0	5680.0	5715.0	6171.0	7132.0	8670.0	10267.0	12081.0	13197.0	14145.0	12297.0	9391.0	10419.0	10985.0	12486.0	13800.0	14806.0	16725.0	20220.0	20882.0	21582.0	22781.0	23234.0	56751.0	1514017.0
fastQC | 10	9540.0	9513.0	10078.0	10871.0	11523.0	11639.0	11851.0	12282.0	12555.0	14177.0	13762.0	12589.0	15928.0	17989.0	21428.0	25280.0	28627.0	33897.0	41655.0	46403.0	49885.0	48277.0	54132.0	125811.0	4094991.0
fastQC | 100	13255.0	13177.0	14381.0	15382.0	16195.0	16678.0	16346.0	17130.0	18019.0	19581.0	18529.0	17386.0	21737.0	25605.0	30651.0	35341.0	38879.0	44265.0	52295.0	55872.0	59056.0	61129.0	65119.0	159318.0	4367094.0
fastQC | 101	30307.0	28656.0	31317.0	32901.0	34401.0	34938.0	34343.0	35619.0	36904.0	40111.0	38038.0	34865.0	44929.0	53031.0	63518.0	73137.0	79466.0	90426.0	106720.0	113306.0	117891.0	122231.0	128355.0	305356.0	7373833.0
fastQC | 102	17326.0	17080.0	18436.0	19662.0	20647.0	20367.0	20027.0	21163.0	21630.0	23605.0	22567.0	20868.0	25926.0	30178.0	35206.0	41347.0	44783.0	50479.0	59176.0	62747.0	65684.0	68239.0	72459.0	176715.0	4682238.0
fastQC | 103	30922.0	30174.0	32913.0	34595.0	36919.0	36293.0	35895.0	37138.0	38320.0	41890.0	40011.0	37151.0	46786.0	53994.0	64670.0	75186.0	81895.0	93435.0	108848.0	115770.0	121373.0	126300.0	133495.0	324637.0	8316604.0
fastQC | 104	24452.0	24458.0	25740.0	27432.0	28348.0	28864.0	28463.0	29223.0	30328.0	33244.0	31914.0	29680.0	37257.0	42102.0	49684.0	57711.0	63026.0	70772.0	81612.0	86931.0	91507.0	95355.0	100828.0	243252.0	6527571.0
fastQC | 105	4422.0	3870.0	3944.0	4145.0	4553.0	4564.0	4729.0	5082.0	5440.0	6253.0	6129.0	5527.0	6856.0	7916.0	9207.0	10651.0	11549.0	13147.0	15686.0	16543.0	17743.0	18248.0	18703.0	43118.0	1037937.0
fastQC | 106	4334.0	3611.0	3775.0	3740.0	4000.0	4089.0	4003.0	4408.0	4976.0	5399.0	5216.0	4800.0	6089.0	7201.0	8363.0	9709.0	10541.0	11982.0	14476.0	15175.0	15779.0	16469.0	16931.0	39064.0	860925.0
fastQC | 107	4315.0	3667.0	3789.0	3899.0	4141.0	4231.0	4367.0	4714.0	5076.0	5777.0	5463.0	4844.0	6339.0	7483.0	8915.0	10317.0	11256.0	12792.0	15135.0	15995.0	17074.0	17459.0	18168.0	43192.0	993324.0
fastQC | 108	33167.0	29238.0	29697.0	30410.0	32683.0	34359.0	34646.0	38127.0	41534.0	47448.0	45744.0	41235.0	52447.0	61640.0	73021.0	83934.0	92199.0	105739.0	126648.0	135677.0	143602.0	148684.0	154428.0	363153.0	8593485.0
fastQC | 109	6464.0	5154.0	4996.0	4960.0	5165.0	5243.0	5434.0	5657.0	6503.0	7114.0	6428.0	5858.0	7560.0	9368.0	11321.0	13131.0	14557.0	16889.0	20086.0	21677.0	22509.0	22916.0	23227.0	52896.0	1130044.0
fastQC | 11	4272.0	4148.0	4435.0	4727.0	5114.0	4826.0	5018.0	5013.0	5195.0	5742.0	5474.0	5017.0	6126.0	7148.0	8182.0	9619.0	10648.0	11671.0	13864.0	14741.0	15546.0	16265.0	17244.0	42119.0	1186909.0
fastQC | 110	3582.0	3088.0	3081.0	3199.0	3357.0	3497.0	3494.0	3859.0	4239.0	4615.0	4562.0	4239.0	5295.0	6292.0	7709.0	8725.0	9327.0	10942.0	13100.0	14087.0	14661.0	15078.0	15717.0	37057.0	860701.0
fastQC | 111	5763.0	4924.0	4956.0	5149.0	5376.0	5710.0	5858.0	6230.0	7082.0	7887.0	7414.0	6634.0	8557.0	9997.0	11807.0	13685.0	14972.0	16783.0	20351.0	21566.0	22501.0	23141.0	23641.0	53678.0	1190088.0
fastQC | 112	7280.0	6311.0	6382.0	6411.0	6753.0	7098.0	7361.0	7963.0	8772.0	9739.0	9424.0	8214.0	10535.0	12402.0	14694.0	17050.0	18727.0	21442.0	25341.0	27072.0	28615.0	29470.0	30374.0	70766.0	1584546.0
fastQC | 113	18491.0	19035.0	20972.0	22238.0	23342.0	23074.0	23171.0	23727.0	24396.0	27015.0	26205.0	23894.0	29666.0	33869.0	40608.0	46659.0	51147.0	56964.0	66916.0	70962.0	74245.0	77550.0	82340.0	197407.0	5054441.0
fastQC | 114	39173.0	40024.0	44372.0	47063.0	49939.0	50284.0	50408.0	52391.0	55837.0	61133.0	58617.0	54150.0	67260.0	78486.0	92835.0	107859.0	118487.0	134958.0	161213.0	171949.0	182998.0	189841.0	200942.0	488973.0	13288122.0
fastQC | 115	20049.0	20343.0	22682.0	23589.0	25002.0	25702.0	25824.0	26723.0	27952.0	30358.0	29036.0	27247.0	33747.0	39378.0	46806.0	53991.0	57907.0	66407.0	78859.0	83711.0	88877.0	92853.0	97968.0	237530.0	6329867.0
fastQC | 116	26313.0	26429.0	29424.0	30934.0	33076.0	34278.0	34668.0	35862.0	38007.0	41994.0	40619.0	37958.0	47287.0	55254.0	65314.0	76000.0	82461.0	94778.0	112564.0	121774.0	128545.0	134700.0	142633.0	353446.0	10098602.0
fastQC | 117	16381.0	16317.0	17867.0	18876.0	19812.0	20009.0	20377.0	21023.0	21544.0	23703.0	22473.0	20961.0	26239.0	30802.0	36087.0	42611.0	46396.0	52203.0	61151.0	64539.0	68273.0	70752.0	74890.0	177673.0	4425605.0
fastQC | 118	19763.0	20343.0	22957.0	24403.0	25903.0	26292.0	26116.0	27163.0	28519.0	31336.0	30447.0	28074.0	35475.0	40912.0	48204.0	56057.0	60758.0	69518.0	82064.0	88667.0	92830.0	96968.0	102635.0	254525.0	6975606.0
fastQC | 119	50125.0	51123.0	56599.0	60156.0	63234.0	63156.0	63813.0	66362.0	68637.0	75586.0	72871.0	67817.0	84707.0	98442.0	115529.0	133772.0	146746.0	166099.0	195063.0	208721.0	222252.0	230037.0	245178.0	601896.0	17077474.0
fastQC | 12	6049.0	6064.0	6572.0	6770.0	7145.0	7024.0	6940.0	7214.0	7307.0	7818.0	7590.0	7076.0	9320.0	10120.0	11712.0	13967.0	15491.0	17159.0	19843.0	21339.0	22630.0	23403.0	25264.0	60175.0	1669130.0
fastQC | 120	35304.0	36266.0	40284.0	42897.0	45196.0	46066.0	46027.0	47834.0	50675.0	55700.0	53860.0	49276.0	61972.0	71610.0	84531.0	97960.0	105792.0	119909.0	142846.0	152230.0	161269.0	167953.0	176922.0	432201.0	11602690.0
fastQC | 121	4947.0	4777.0	5122.0	5379.0	5569.0	5767.0	5490.0	5727.0	5921.0	6473.0	6405.0	5886.0	7268.0	8423.0	10021.0	11330.0	12684.0	14352.0	16680.0	17755.0	19016.0	19763.0	21545.0	52117.0	1493310.0
fastQC | 122	4207.0	3984.0	4333.0	4414.0	4466.0	4684.0	4550.0	4725.0	4784.0	5132.0	4863.0	4456.0	5459.0	6521.0	7687.0	9030.0	9919.0	11030.0	12925.0	13701.0	14380.0	15098.0	16260.0	38953.0	1052599.0
fastQC | 123	9140.0	9299.0	10248.0	10843.0	11449.0	11283.0	11705.0	12427.0	12810.0	13910.0	13135.0	12139.0	15591.0	18675.0	22794.0	26044.0	28589.0	33084.0	40105.0	43316.0	46124.0	47485.0	50105.0	122333.0	3174623.0
fastQC | 124	10429.0	10278.0	11279.0	11634.0	12281.0	12205.0	12284.0	12336.0	13016.0	13750.0	13030.0	11453.0	15437.0	18529.0	22994.0	26908.0	28917.0	33747.0	40691.0	43309.0	44787.0	46717.0	48450.0	116520.0	2742517.0
fastQC | 125	5405.0	5019.0	5473.0	5521.0	5841.0	5857.0	5604.0	5909.0	6002.0	6224.0	5821.0	5261.0	7064.0	8298.0	10006.0	11362.0	12129.0	14170.0	16540.0	17304.0	18099.0	18527.0	19161.0	44738.0	1019636.0
fastQC | 126	22438.0	21852.0	23496.0	24575.0	25521.0	25782.0	25960.0	26713.0	27868.0	30016.0	28292.0	26442.0	33423.0	40161.0	48503.0	55656.0	59828.0	68954.0	81963.0	87683.0	91526.0	94573.0	98311.0	232320.0	5610580.0
fastQC | 127	16637.0	16514.0	17712.0	18784.0	19670.0	20167.0	20114.0	20852.0	21542.0	23239.0	22154.0	19787.0	25550.0	31452.0	38373.0	44638.0	47377.0	55776.0	66490.0	70951.0	73896.0	76340.0	79305.0	190669.0	4577187.0
fastQC | 128	12657.0	12380.0	13440.0	13751.0	14340.0	14683.0	14482.0	14747.0	15356.0	16733.0	15638.0	14137.0	18638.0	22581.0	27638.0	32368.0	34773.0	40277.0	48943.0	52011.0	53813.0	56003.0	57632.0	137872.0	3168661.0
fastQC | 129	15933.0	15477.0	16482.0	17467.0	17988.0	17805.0	17274.0	17844.0	18178.0	19208.0	18438.0	17181.0	21310.0	24862.0	29177.0	33639.0	36376.0	41324.0	48153.0	51339.0	53738.0	55153.0	57728.0	138025.0	3492067.0
fastQC | 13	19671.0	18951.0	20141.0	21020.0	22127.0	22790.0	22135.0	22532.0	23249.0	25136.0	24155.0	22561.0	28244.0	31639.0	36945.0	42807.0	47146.0	52503.0	60716.0	64247.0	68205.0	70884.0	75543.0	182529.0	4882757.0
fastQC | 130	17673.0	17383.0	18288.0	18957.0	19886.0	19794.0	19897.0	20162.0	21344.0	22860.0	21326.0	19238.0	25109.0	30395.0	37383.0	43596.0	47665.0	54385.0	65476.0	70122.0	73009.0	75630.0	78865.0	184942.0	4202116.0
fastQC | 131	3241.0	3029.0	3444.0	3621.0	3726.0	3760.0	3673.0	3776.0	3761.0	4011.0	3779.0	3671.0	4489.0	5231.0	6246.0	7257.0	8069.0	9057.0	10521.0	11162.0	11684.0	12065.0	12527.0	30866.0	796724.0
fastQC | 132	9791.0	9662.0	10447.0	10963.0	11153.0	11366.0	11324.0	11701.0	12035.0	13105.0	12380.0	11600.0	14619.0	16988.0	20212.0	23317.0	25572.0	28953.0	34339.0	36604.0	38109.0	39469.0	41632.0	101467.0	2637369.0
fastQC | 133	6996.0	7217.0	7687.0	8032.0	8472.0	8462.0	8513.0	8931.0	9466.0	10611.0	9911.0	9227.0	12061.0	13891.0	16802.0	19331.0	21759.0	25236.0	29920.0	32504.0	34362.0	35220.0	37556.0	96639.0	2892181.0
fastQC | 134	10466.0	10566.0	11327.0	11906.0	12765.0	12660.0	12913.0	13463.0	13925.0	15142.0	13987.0	13006.0	16445.0	19748.0	24156.0	28023.0	30980.0	35757.0	42642.0	45310.0	47360.0	48952.0	51332.0	125457.0	3235152.0
fastQC | 135	11148.0	11206.0	12187.0	12768.0	13714.0	13650.0	13559.0	13828.0	14475.0	15902.0	15051.0	13807.0	17665.0	20726.0	24892.0	29118.0	31972.0	36424.0	42767.0	45796.0	47462.0	48776.0	51271.0	124594.0	3204312.0
fastQC | 136	7187.0	7341.0	8138.0	8561.0	9137.0	9377.0	9036.0	9625.0	10013.0	10934.0	10229.0	9487.0	11862.0	14247.0	17425.0	20066.0	21904.0	25211.0	30639.0	32658.0	33609.0	33867.0	35304.0	87982.0	2245131.0
fastQC | 137	2854.0	2822.0	3116.0	3133.0	3337.0	3183.0	3259.0	3279.0	3368.0	3609.0	3425.0	3078.0	4012.0	4683.0	5596.0	6548.0	7003.0	8096.0	9504.0	9898.0	10219.0	10788.0	11073.0	26877.0	668837.0
fastQC | 138	8218.0	7989.0	9070.0	9384.0	9925.0	10107.0	10279.0	10601.0	10791.0	11356.0	10833.0	10228.0	12875.0	15040.0	18259.0	21067.0	23571.0	27077.0	32522.0	34823.0	36164.0	37450.0	39556.0	97058.0	2504281.0
fastQC | 139	8806.0	7942.0	8299.0	8965.0	10289.0	12170.0	15188.0	17566.0	19014.0	20327.0	17043.0	12705.0	14470.0	15253.0	16724.0	19006.0	20556.0	23628.0	28230.0	30975.0	31557.0	32652.0	35181.0	83336.0	2520386.0
fastQC | 14	4203.0	3778.0	4241.0	4476.0	4688.0	4783.0	4750.0	4687.0	4864.0	5291.0	5131.0	4764.0	5880.0	6817.0	7955.0	9230.0	10419.0	11140.0	13221.0	13870.0	14858.0	15578.0	16815.0	40664.0	1128402.0
fastQC | 140	7790.0	7067.0	7410.0	7842.0	8917.0	11056.0	13271.0	15653.0	16627.0	17869.0	14893.0	10648.0	12364.0	13015.0	14601.0	16415.0	17414.0	20409.0	24549.0	26684.0	27111.0	28315.0	29896.0	71410.0	2060550.0
fastQC | 141	7094.0	6567.0	6743.0	7572.0	8578.0	10324.0	12739.0	15187.0	16072.0	17277.0	14661.0	10659.0	12166.0	12513.0	13929.0	15286.0	16769.0	19397.0	23307.0	25363.0	26263.0	27023.0	28631.0	69625.0	2087553.0
fastQC | 142	7368.0	6765.0	6994.0	7927.0	9018.0	10889.0	13390.0	15348.0	16535.0	18087.0	15195.0	11197.0	12607.0	13214.0	14505.0	16389.0	17672.0	20743.0	24731.0	26961.0	28043.0	28835.0	30749.0	74706.0	2221322.0
fastQC | 143	7666.0	6851.0	7051.0	7642.0	8859.0	10368.0	12644.0	14755.0	15886.0	16934.0	14258.0	10742.0	12193.0	12670.0	13849.0	15861.0	17463.0	19734.0	23402.0	25518.0	26052.0	26874.0	28631.0	69118.0	2013189.0
fastQC | 144	6792.0	6107.0	6119.0	6679.0	7730.0	9479.0	11478.0	13459.0	14625.0	15643.0	12866.0	9834.0	11119.0	11477.0	12770.0	14333.0	15747.0	18204.0	21281.0	23066.0	23752.0	24986.0	26635.0	64145.0	1851004.0
fastQC | 145	14123.0	12399.0	12275.0	13288.0	15204.0	17883.0	21895.0	25562.0	27981.0	29895.0	24928.0	18443.0	21192.0	22757.0	25349.0	28217.0	30642.0	34862.0	42230.0	45727.0	46638.0	48248.0	50713.0	124225.0	3540729.0
fastQC | 146	9602.0	8515.0	8779.0	9534.0	10849.0	13067.0	15716.0	18425.0	19867.0	21646.0	17964.0	13361.0	14987.0	15873.0	17744.0	20054.0	21555.0	25190.0	30699.0	33329.0	34662.0	35014.0	37404.0	90219.0	2603190.0
fastQC | 147	5848.0	5798.0	6136.0	6450.0	6655.0	6940.0	6846.0	7178.0	7560.0	8271.0	7629.0	6801.0	9166.0	10939.0	13441.0	15655.0	17479.0	21203.0	26302.0	29248.0	30266.0	29761.0	32017.0	76322.0	2064329.0
fastQC | 148	5318.0	5626.0	6091.0	6391.0	6989.0	7108.0	7323.0	7596.0	8121.0	8878.0	8831.0	7677.0	10352.0	12350.0	15037.0	17652.0	19698.0	24455.0	29815.0	35065.0	36460.0	32590.0	36607.0	80245.0	2349071.0
fastQC | 149	4966.0	4988.0	5403.0	5542.0	5979.0	6083.0	6088.0	6408.0	6788.0	7282.0	7009.0	6221.0	8063.0	9563.0	11674.0	13423.0	14743.0	17278.0	21956.0	24284.0	25000.0	24492.0	26275.0	62895.0	1659003.0
fastQC | 15	5129.0	5554.0	6169.0	6604.0	7169.0	7522.0	7575.0	8177.0	8811.0	9665.0	9701.0	9079.0	11405.0	13384.0	15469.0	18667.0	20968.0	24086.0	28548.0	30605.0	33037.0	29669.0	33657.0	75998.0	2451156.0
fastQC | 150	6296.0	6332.0	6946.0	7024.0	7365.0	7628.0	7864.0	8008.0	8833.0	9315.0	9037.0	8068.0	10424.0	11995.0	14895.0	17353.0	19248.0	22832.0	28212.0	31334.0	33019.0	31104.0	33957.0	80140.0	2195229.0
fastQC | 151	3080.0	3215.0	3430.0	3606.0	3666.0	3819.0	3963.0	4033.0	4108.0	4694.0	4561.0	4135.0	5211.0	6584.0	7909.0	9365.0	10464.0	12465.0	15190.0	16865.0	17685.0	15834.0	17369.0	40860.0	1049924.0
fastQC | 152	5671.0	5636.0	5971.0	6301.0	6813.0	6923.0	6971.0	7398.0	7611.0	8731.0	8217.0	7318.0	9595.0	11080.0	13655.0	15630.0	17504.0	20573.0	25267.0	28566.0	29981.0	28843.0	31617.0	74673.0	2163837.0
fastQC | 153	9732.0	9725.0	10588.0	11450.0	11930.0	12667.0	12601.0	12842.0	13552.0	15195.0	14578.0	12649.0	16516.0	19093.0	22759.0	26907.0	29818.0	35144.0	43502.0	47813.0	50607.0	49581.0	53469.0	127971.0	3628109.0
fastQC | 154	2319.0	2245.0	2501.0	2573.0	2737.0	2802.0	2856.0	2942.0	3250.0	3570.0	3344.0	3077.0	4135.0	4939.0	5994.0	7084.0	8008.0	9441.0	11973.0	13719.0	14804.0	12723.0	14654.0	32314.0	870360.0
fastQC | 155	8153.0	8079.0	8722.0	9182.0	9484.0	9590.0	9718.0	9890.0	10386.0	11638.0	10447.0	9514.0	12251.0	14000.0	16750.0	19308.0	21304.0	24062.0	29542.0	32095.0	32735.0	34616.0	36358.0	87737.0	2393636.0
fastQC | 156	5986.0	5924.0	6576.0	6983.0	6916.0	7204.0	7303.0	7571.0	8064.0	8581.0	8047.0	7096.0	9441.0	10938.0	13283.0	15323.0	16907.0	19892.0	24247.0	26833.0	27208.0	28396.0	29879.0	70623.0	1728063.0
fastQC | 157	9843.0	9956.0	10510.0	10865.0	11254.0	10924.0	11026.0	10985.0	11438.0	12544.0	11769.0	10672.0	13582.0	15485.0	18163.0	20912.0	23246.0	26725.0	31790.0	34012.0	34998.0	36758.0	39124.0	91845.0	2437494.0
fastQC | 158	8529.0	8437.0	9103.0	9742.0	10225.0	9580.0	10070.0	10067.0	10151.0	11232.0	10273.0	9401.0	12451.0	14158.0	16009.0	18799.0	21222.0	24221.0	28822.0	30852.0	32065.0	33124.0	35943.0	85493.0	2320683.0
fastQC | 159	9538.0	9407.0	9838.0	10437.0	10636.0	10420.0	10599.0	10720.0	11080.0	12228.0	11393.0	10304.0	13044.0	15382.0	18042.0	21206.0	23351.0	26666.0	32145.0	34880.0	35526.0	37323.0	39445.0	94157.0	2483550.0
fastQC | 16	10776.0	10259.0	11281.0	11765.0	12559.0	12925.0	12641.0	13102.0	13291.0	14957.0	14513.0	13636.0	16547.0	19038.0	22111.0	25858.0	28250.0	31651.0	37096.0	39870.0	42172.0	43759.0	46893.0	114219.0	3147511.0
fastQC | 160	8005.0	7937.0	8407.0	9061.0	9057.0	9044.0	9148.0	9324.0	9647.0	10518.0	9736.0	8661.0	11595.0	13170.0	15419.0	17988.0	20016.0	22982.0	27658.0	29436.0	30422.0	31821.0	34460.0	81320.0	2142664.0
fastQC | 161	7653.0	7591.0	8283.0	8918.0	9464.0	9446.0	9085.0	9660.0	9898.0	10992.0	10328.0	9503.0	12235.0	13425.0	16143.0	18769.0	20838.0	23965.0	28524.0	31082.0	32346.0	33811.0	36013.0	88183.0	2520834.0
fastQC | 162	6375.0	6218.0	6880.0	7363.0	7430.0	7677.0	7539.0	7403.0	7594.0	8459.0	8219.0	7249.0	9374.0	10304.0	12018.0	13909.0	15484.0	17556.0	20825.0	22261.0	23448.0	24358.0	26511.0	63164.0	1722450.0
fastQC | 163	18990.0	18908.0	20268.0	21204.0	22240.0	22680.0	22601.0	23162.0	23827.0	26653.0	24901.0	22350.0	28606.0	32248.0	37490.0	43082.0	47880.0	55453.0	65386.0	71180.0	74113.0	77542.0	83333.0	200626.0	5880239.0
fastQC | 164	13265.0	13462.0	14570.0	15491.0	16450.0	16525.0	16474.0	16978.0	17550.0	19816.0	18709.0	17034.0	21719.0	24070.0	27906.0	32504.0	36257.0	41402.0	49742.0	54305.0	56004.0	59033.0	63391.0	151492.0	4453717.0
fastQC | 165	16601.0	16743.0	18008.0	19073.0	19824.0	19932.0	19979.0	20299.0	20785.0	22930.0	21528.0	19159.0	24767.0	27902.0	32148.0	37791.0	41672.0	47444.0	56411.0	61839.0	63256.0	65865.0	71155.0	169740.0	4872448.0
fastQC | 166	43037.0	44454.0	49403.0	54316.0	53889.0	53435.0	53341.0	54494.0	57107.0	64235.0	60809.0	54926.0	71365.0	81008.0	93942.0	108164.0	121406.0	141532.0	170957.0	188757.0	196903.0	204534.0	220854.0	535021.0	16530408.0
fastQC | 167	17384.0	16873.0	18360.0	19342.0	19872.0	20067.0	19804.0	20078.0	20697.0	23097.0	22085.0	19528.0	25139.0	28660.0	33344.0	38544.0	43724.0	50157.0	60053.0	65479.0	67444.0	70963.0	75696.0	179688.0	5083967.0
fastQC | 168	14907.0	15315.0	16298.0	17217.0	18336.0	18745.0	18702.0	19110.0	19631.0	21699.0	20941.0	18429.0	24182.0	27353.0	32335.0	36872.0	40919.0	47931.0	57466.0	62238.0	64495.0	67922.0	72951.0	175523.0	5117047.0
fastQC | 169	19191.0	19129.0	20414.0	21465.0	22333.0	22208.0	22334.0	22779.0	23120.0	25579.0	23517.0	22125.0	27984.0	31445.0	36305.0	41988.0	46426.0	52675.0	62464.0	67626.0	69450.0	72737.0	76993.0	183030.0	4911838.0
fastQC | 17	11674.0	11421.0	12490.0	13242.0	13793.0	14049.0	14300.0	14829.0	15811.0	16813.0	15321.0	14252.0	18553.0	22477.0	27338.0	31852.0	34694.0	40636.0	49721.0	52283.0	55681.0	56980.0	59536.0	144146.0	3386091.0
fastQC | 170	16513.0	16519.0	17909.0	18525.0	19325.0	19622.0	19343.0	19644.0	20291.0	22558.0	21425.0	19191.0	24655.0	27468.0	31757.0	37164.0	41630.0	47542.0	56335.0	62181.0	63362.0	66717.0	71429.0	171717.0	4854441.0
fastQC | 171	3799.0	4002.0	4350.0	4545.0	4539.0	4963.0	5029.0	5104.0	5197.0	5780.0	5415.0	5067.0	6484.0	7243.0	8631.0	10235.0	11210.0	13258.0	16102.0	17398.0	17998.0	19078.0	20641.0	49858.0	1494592.0
fastQC | 172	18322.0	17781.0	19500.0	20233.0	21132.0	20871.0	20374.0	20818.0	21655.0	23844.0	22009.0	19714.0	25876.0	29361.0	33825.0	38951.0	43044.0	49446.0	59163.0	63502.0	65322.0	67971.0	72683.0	170240.0	4445351.0
fastQC | 173	12921.0	12728.0	13565.0	13843.0	14591.0	14638.0	14289.0	14576.0	15030.0	16224.0	15481.0	14082.0	18068.0	20226.0	23545.0	27462.0	30578.0	35175.0	41453.0	44848.0	46461.0	48827.0	51683.0	122827.0	3382431.0
fastQC | 174	13916.0	14281.0	15110.0	16513.0	17417.0	17975.0	17809.0	18854.0	19605.0	22060.0	21325.0	18904.0	24230.0	27758.0	32915.0	38568.0	42460.0	49179.0	59681.0	66796.0	69173.0	71291.0	76338.0	185018.0	5335197.0
fastQC | 175	10524.0	10292.0	11176.0	11344.0	11964.0	12059.0	11916.0	12579.0	12925.0	14223.0	13153.0	11911.0	15122.0	17325.0	19588.0	23236.0	25798.0	29564.0	34930.0	38213.0	39157.0	41669.0	43912.0	104206.0	2840588.0
fastQC | 176	17353.0	16743.0	18210.0	19036.0	19466.0	19352.0	19449.0	19116.0	20015.0	21457.0	20746.0	18627.0	24104.0	27104.0	31100.0	36925.0	40561.0	45940.0	53890.0	58303.0	58894.0	61933.0	65829.0	155962.0	4105935.0
fastQC | 177	8491.0	8733.0	9482.0	10133.0	10325.0	10787.0	11062.0	10990.0	11836.0	13546.0	12865.0	11625.0	14716.0	16627.0	19647.0	22469.0	25006.0	28933.0	34893.0	38297.0	39399.0	41432.0	44415.0	107442.0	3094881.0
fastQC | 178	7247.0	7088.0	7576.0	7883.0	8338.0	8155.0	8267.0	8085.0	8414.0	9267.0	8731.0	7836.0	10053.0	11577.0	13497.0	15469.0	17270.0	19636.0	23190.0	25306.0	25955.0	27179.0	29131.0	69905.0	1915436.0
fastQC | 179	4821.0	4823.0	5175.0	5350.0	5762.0	5847.0	6192.0	6338.0	6666.0	7235.0	7000.0	6164.0	8110.0	9699.0	11828.0	14226.0	15439.0	18102.0	22886.0	24998.0	25738.0	25074.0	26823.0	63071.0	1767616.0
fastQC | 18	26104.0	25925.0	28128.0	29299.0	30984.0	31372.0	31561.0	33335.0	34496.0	36914.0	34431.0	31577.0	40567.0	48679.0	58001.0	67537.0	72274.0	83739.0	99332.0	106525.0	111208.0	116282.0	121333.0	284044.0	6657276.0
fastQC | 180	5801.0	5789.0	6260.0	6458.0	6882.0	7060.0	7128.0	7203.0	7692.0	8405.0	8146.0	7167.0	9699.0	10945.0	13640.0	15866.0	17656.0	20680.0	25091.0	27609.0	28957.0	27250.0	29958.0	69425.0	1924645.0
fastQC | 181	5507.0	5462.0	5563.0	6019.0	6431.0	6500.0	6558.0	6839.0	7146.0	7886.0	7525.0	6729.0	8941.0	10235.0	12084.0	14188.0	15822.0	17856.0	22548.0	24755.0	25385.0	24301.0	26357.0	61585.0	1744225.0
fastQC | 182	6976.0	7050.0	7474.0	8046.0	8369.0	8759.0	9120.0	9515.0	9812.0	11037.0	10471.0	9427.0	12326.0	14389.0	17640.0	20527.0	22863.0	26474.0	32340.0	35507.0	37217.0	35570.0	39169.0	92326.0	2799580.0
fastQC | 183	5820.0	5649.0	6077.0	6427.0	6590.0	6734.0	6775.0	7090.0	7344.0	8068.0	7341.0	6621.0	8927.0	10491.0	13127.0	15277.0	16760.0	19841.0	24205.0	26816.0	27066.0	26900.0	28536.0	68210.0	1688258.0
fastQC | 184	5063.0	5014.0	5641.0	5878.0	6322.0	6362.0	6577.0	7003.0	7098.0	8007.0	7328.0	6658.0	8695.0	10321.0	12448.0	14481.0	16139.0	18721.0	23545.0	25696.0	26835.0	25621.0	27927.0	65847.0	1796049.0
fastQC | 185	6665.0	6824.0	7294.0	7444.0	7724.0	7868.0	8077.0	8567.0	8808.0	9914.0	9708.0	8659.0	11164.0	13259.0	15719.0	18205.0	20438.0	24241.0	29429.0	32339.0	34331.0	32943.0	35684.0	84307.0	2490808.0
fastQC | 186	8306.0	8203.0	8597.0	9416.0	10239.0	10116.0	10458.0	10563.0	10815.0	12448.0	11895.0	10343.0	13774.0	16136.0	19575.0	22989.0	25215.0	29667.0	36196.0	39843.0	40582.0	40044.0	43185.0	101000.0	2756722.0
fastQC | 187	6201.0	6175.0	6332.0	7071.0	7285.0	7526.0	7290.0	7527.0	7911.0	8868.0	8196.0	7269.0	9499.0	10346.0	11851.0	13946.0	15516.0	17767.0	21075.0	23217.0	23975.0	25109.0	26292.0	62665.0	1576595.0
fastQC | 188	6369.0	6010.0	6672.0	6842.0	7090.0	7061.0	7151.0	7419.0	7689.0	8205.0	8144.0	7109.0	9273.0	10429.0	12245.0	14077.0	15378.0	17669.0	21599.0	23702.0	23992.0	25319.0	27140.0	64065.0	1649278.0
fastQC | 189	6331.0	5993.0	6535.0	6758.0	6917.0	7034.0	7021.0	7132.0	7601.0	8303.0	7908.0	7285.0	9380.0	10474.0	12218.0	14215.0	15599.0	18448.0	22012.0	23682.0	24759.0	25974.0	27353.0	65890.0	1667852.0
fastQC | 19	13812.0	14010.0	14850.0	15760.0	16705.0	17277.0	17297.0	17788.0	18604.0	20250.0	19432.0	17327.0	22323.0	26606.0	32715.0	37769.0	40600.0	47302.0	57680.0	62281.0	66811.0	71912.0	74216.0	175251.0	4507019.0
fastQC | 190	6880.0	6592.0	6903.0	7248.0	7657.0	7921.0	7725.0	7972.0	8190.0	9099.0	8736.0	7615.0	9914.0	11297.0	13314.0	15239.0	17036.0	19415.0	23472.0	25565.0	26419.0	28096.0	29579.0	69858.0	1818429.0
fastQC | 191	8666.0	8384.0	8620.0	9223.0	9667.0	9855.0	10021.0	9968.0	10677.0	11573.0	10736.0	9341.0	12319.0	14214.0	16821.0	19253.0	21691.0	24526.0	29720.0	32790.0	33446.0	34801.0	37682.0	87887.0	2228028.0
fastQC | 192	4036.0	3937.0	4180.0	4382.0	4588.0	4759.0	4677.0	4700.0	5203.0	5560.0	5012.0	4614.0	5818.0	6830.0	7721.0	8992.0	9874.0	11306.0	13467.0	14600.0	14868.0	15654.0	16692.0	39094.0	1000848.0
fastQC | 193	5355.0	5436.0	5924.0	6254.0	6598.0	6749.0	6540.0	6830.0	7059.0	7778.0	7485.0	6905.0	8611.0	9574.0	10911.0	12851.0	14124.0	16119.0	19562.0	21092.0	22178.0	23224.0	24994.0	58475.0	1595951.0
fastQC | 194	6561.0	6211.0	6541.0	6905.0	7037.0	7123.0	7345.0	7444.0	7471.0	8442.0	7930.0	7085.0	9204.0	10533.0	12084.0	14094.0	14910.0	17684.0	21189.0	23060.0	23738.0	24908.0	26487.0	61127.0	1499878.0
fastQC | 195	7330.0	7415.0	7965.0	8423.0	9002.0	9012.0	8883.0	8919.0	9396.0	10226.0	9682.0	8325.0	10913.0	12154.0	14007.0	16622.0	18446.0	20983.0	24552.0	27279.0	27433.0	28861.0	30856.0	72188.0	1908519.0
fastQC | 196	10891.0	11125.0	12000.0	12307.0	12688.0	12970.0	12786.0	12808.0	13468.0	14295.0	13604.0	12403.0	15753.0	17773.0	20554.0	24125.0	27065.0	31751.0	36364.0	40412.0	40830.0	42636.0	45850.0	108860.0	2898009.0
fastQC | 197	7490.0	7460.0	8190.0	8644.0	9161.0	9337.0	9329.0	9769.0	9877.0	10885.0	10577.0	9282.0	12281.0	13656.0	16104.0	18931.0	21147.0	24511.0	29443.0	32491.0	33814.0	35448.0	37987.0	94203.0	2788652.0
fastQC | 198	10306.0	10647.0	11667.0	12009.0	12528.0	12634.0	12619.0	13259.0	13688.0	15309.0	14389.0	12856.0	16480.0	18889.0	21787.0	25157.0	28315.0	33000.0	39473.0	42440.0	44213.0	46462.0	49851.0	119777.0	3455294.0
fastQC | 199	11476.0	11281.0	12208.0	12738.0	13314.0	13134.0	13484.0	13759.0	14321.0	15817.0	14702.0	13125.0	17320.0	19529.0	22167.0	26377.0	29189.0	33208.0	39697.0	43437.0	45115.0	46715.0	49620.0	118994.0	3205447.0
fastQC | 2	2970.0	2463.0	2354.0	2463.0	2872.0	3378.0	4096.0	4969.0	5484.0	5692.0	4808.0	3527.0	4005.0	4576.0	4979.0	5846.0	6263.0	7255.0	8440.0	8851.0	9350.0	9598.0	9715.0	23233.0	575514.0
fastQC | 20	16644.0	16844.0	20376.0	22194.0	21902.0	21362.0	21099.0	22373.0	23302.0	25523.0	24769.0	23029.0	28850.0	33104.0	39572.0	46019.0	50141.0	57039.0	68152.0	73579.0	78750.0	82384.0	87397.0	212174.0	6032546.0
fastQC | 200	11894.0	11677.0	12944.0	13234.0	13815.0	13703.0	13299.0	13808.0	14257.0	15774.0	14674.0	13156.0	17257.0	19187.0	22102.0	25530.0	29136.0	33237.0	38722.0	41301.0	42752.0	44245.0	47803.0	114309.0	3116463.0
fastQC | 201	7636.0	7919.0	8442.0	9066.0	9750.0	9712.0	9825.0	10189.0	10449.0	11418.0	10785.0	9591.0	12637.0	14174.0	16433.0	18808.0	21187.0	24042.0	29240.0	32028.0	32654.0	34380.0	36065.0	88026.0	2352137.0
fastQC | 202	8998.0	9386.0	9952.0	10241.0	10846.0	10863.0	10801.0	10936.0	11137.0	12386.0	11791.0	10781.0	13629.0	15362.0	17886.0	20571.0	22946.0	26052.0	31525.0	34132.0	35108.0	37092.0	39340.0	95910.0	2730407.0
fastQC | 203	6269.0	6293.0	6810.0	7004.0	7567.0	7714.0	7946.0	7953.0	8473.0	9569.0	9052.0	8074.0	10516.0	12289.0	14237.0	16316.0	18299.0	21668.0	25592.0	28189.0	29427.0	29061.0	31184.0	73650.0	2051632.0
fastQC | 204	4362.0	4615.0	5018.0	4968.0	5264.0	5320.0	5455.0	5672.0	5880.0	6620.0	6336.0	5970.0	7387.0	8888.0	10750.0	12497.0	13667.0	16156.0	19862.0	21420.0	22431.0	21607.0	23375.0	52573.0	1439057.0
fastQC | 205	3959.0	3942.0	4186.0	4458.0	4822.0	4914.0	5002.0	5113.0	5495.0	5875.0	5507.0	4933.0	6331.0	7456.0	8882.0	10352.0	11437.0	13355.0	16567.0	17857.0	18428.0	18067.0	19657.0	45140.0	1243737.0
fastQC | 206	6800.0	7107.0	7584.0	8179.0	8588.0	8851.0	9251.0	9779.0	10323.0	11716.0	11037.0	10002.0	12994.0	15141.0	17493.0	20762.0	23406.0	28503.0	34279.0	37790.0	39754.0	35847.0	39350.0	89441.0	2707973.0
fastQC | 207	5274.0	5365.0	5713.0	6101.0	6192.0	6536.0	6724.0	6881.0	7272.0	8087.0	7692.0	6626.0	8661.0	10004.0	12481.0	14202.0	15925.0	18160.0	21357.0	23311.0	23608.0	24073.0	25783.0	60860.0	1711646.0
fastQC | 208	9635.0	9964.0	10696.0	11446.0	11883.0	12300.0	12353.0	12745.0	13352.0	14593.0	13614.0	12245.0	16335.0	19055.0	22660.0	26454.0	29015.0	34702.0	41816.0	46174.0	48769.0	47232.0	50835.0	118349.0	3187432.0
fastQC | 209	2684.0	2743.0	2942.0	3160.0	3463.0	3366.0	3447.0	3591.0	3827.0	4191.0	4141.0	3547.0	4558.0	5421.0	6726.0	7720.0	8269.0	9623.0	12041.0	13665.0	14035.0	13772.0	14909.0	35411.0	1012837.0
fastQC | 21	18351.0	18090.0	19164.0	20029.0	21279.0	21964.0	21992.0	23423.0	23974.0	25704.0	24246.0	22215.0	28313.0	34554.0	42083.0	48728.0	52479.0	61022.0	73131.0	78005.0	81685.0	84285.0	87390.0	206025.0	4565878.0
fastQC | 210	6588.0	6655.0	7200.0	7291.0	7687.0	8085.0	7955.0	8404.0	8725.0	9473.0	8933.0	7950.0	10239.0	11793.0	14276.0	16408.0	18153.0	21176.0	25862.0	27791.0	28239.0	28836.0	30418.0	71999.0	1875771.0
fastQC | 211	8413.0	8699.0	9169.0	9945.0	10328.0	11027.0	10889.0	11283.0	11877.0	13526.0	12539.0	11342.0	14726.0	16048.0	19304.0	22262.0	24218.0	28691.0	34280.0	38309.0	39543.0	40558.0	43664.0	102845.0	3155327.0
fastQC | 212	3345.0	3447.0	3637.0	3814.0	4075.0	4197.0	4090.0	4300.0	4339.0	4868.0	4487.0	4016.0	5218.0	6050.0	7268.0	8581.0	9264.0	10950.0	13506.0	14929.0	15156.0	15840.0	16819.0	40632.0	1156905.0
fastQC | 213	5803.0	5741.0	6073.0	6468.0	7103.0	6927.0	7098.0	7285.0	7503.0	8378.0	8059.0	6990.0	9033.0	10776.0	12703.0	14857.0	16141.0	18866.0	23291.0	25896.0	26644.0	27638.0	29498.0	71701.0	2049320.0
fastQC | 214	3744.0	3799.0	4055.0	4234.0	4505.0	4497.0	4549.0	4744.0	4991.0	5542.0	5099.0	4574.0	5961.0	6718.0	8123.0	9366.0	10403.0	12355.0	14745.0	16265.0	17372.0	17961.0	19537.0	45096.0	1373874.0
fastQC | 215	11678.0	11823.0	12404.0	13402.0	14229.0	14635.0	14454.0	15231.0	15798.0	17603.0	16546.0	14931.0	19516.0	22034.0	26476.0	31051.0	33769.0	39521.0	47556.0	52060.0	54505.0	54866.0	60963.0	138441.0	4021946.0
fastQC | 216	2714.0	2698.0	2969.0	3136.0	3369.0	3468.0	3530.0	3622.0	3750.0	4254.0	4140.0	3658.0	4729.0	5361.0	6314.0	7255.0	8105.0	9736.0	11736.0	12852.0	13765.0	13862.0	15459.0	35033.0	1098444.0
fastQC | 217	21270.0	20669.0	22058.0	22941.0	24267.0	24599.0	24924.0	25543.0	26595.0	29428.0	27039.0	24483.0	31384.0	35749.0	43066.0	49467.0	54465.0	63425.0	76744.0	82786.0	84600.0	88472.0	93670.0	223674.0	6251775.0
fastQC | 218	15672.0	15318.0	16393.0	16697.0	17308.0	17668.0	17867.0	18415.0	18852.0	20360.0	19607.0	17237.0	22939.0	26203.0	30941.0	36077.0	39785.0	46690.0	56401.0	61430.0	63103.0	65524.0	70214.0	164290.0	4525032.0
fastQC | 219	19848.0	19299.0	20417.0	21107.0	21931.0	22227.0	21617.0	22435.0	22736.0	24560.0	23004.0	20763.0	26827.0	30197.0	35019.0	40095.0	45355.0	51621.0	60984.0	66306.0	67975.0	71204.0	76552.0	179398.0	4648838.0
fastQC | 22	22111.0	22229.0	23611.0	25091.0	26264.0	26773.0	27022.0	28805.0	29795.0	32362.0	30513.0	27927.0	35812.0	43336.0	52099.0	60971.0	65952.0	77237.0	93555.0	100034.0	106396.0	110333.0	116871.0	280677.0	7221762.0
fastQC | 220	23384.0	21558.0	22230.0	23474.0	23219.0	23031.0	22909.0	23019.0	23722.0	24982.0	22764.0	20514.0	26525.0	29985.0	35261.0	40347.0	45398.0	51997.0	61004.0	65674.0	66670.0	70371.0	75450.0	172098.0	4116776.0
fastQC | 221	8951.0	9141.0	9625.0	9889.0	10465.0	10415.0	10504.0	10907.0	11387.0	12551.0	11829.0	10771.0	13756.0	15838.0	17905.0	20538.0	23104.0	26650.0	31738.0	34467.0	36098.0	38687.0	41382.0	100946.0	2910731.0
fastQC | 222	14576.0	14843.0	16026.0	17059.0	17863.0	17773.0	17598.0	18214.0	18838.0	20419.0	19259.0	16688.0	22141.0	24473.0	28400.0	32461.0	36148.0	40788.0	48805.0	52566.0	53850.0	57467.0	62486.0	141223.0	3711708.0
fastQC | 223	19482.0	18342.0	18960.0	19499.0	20526.0	20441.0	20407.0	20811.0	21997.0	23312.0	22117.0	19331.0	25518.0	29120.0	33948.0	39474.0	44084.0	50136.0	59889.0	65347.0	67153.0	70244.0	75142.0	178236.0	4640205.0
fastQC | 224	21480.0	20110.0	21300.0	21829.0	22886.0	22373.0	22043.0	23010.0	23899.0	24889.0	23399.0	20918.0	27352.0	31010.0	36705.0	41838.0	46950.0	53546.0	62659.0	68411.0	69109.0	73665.0	78484.0	182385.0	4620721.0
fastQC | 225	8526.0	8250.0	8703.0	9106.0	9227.0	9259.0	9389.0	9558.0	9790.0	10905.0	10129.0	9067.0	11629.0	13031.0	15255.0	17846.0	19593.0	22574.0	26513.0	29135.0	29903.0	31229.0	33552.0	79745.0	2137746.0
fastQC | 226	18096.0	17416.0	18732.0	19086.0	20140.0	20096.0	20135.0	20779.0	21774.0	23278.0	21788.0	19218.0	25338.0	28963.0	33805.0	39461.0	44126.0	50531.0	60913.0	66180.0	68457.0	72117.0	76295.0	181700.0	4685392.0
fastQC | 227	8974.0	8936.0	9523.0	10112.0	10571.0	11135.0	11238.0	11698.0	12659.0	13469.0	13312.0	11575.0	15204.0	17441.0	21718.0	25290.0	27749.0	32732.0	40421.0	44063.0	45328.0	45009.0	48219.0	111516.0	2939664.0
fastQC | 228	5422.0	5464.0	5863.0	6072.0	6556.0	6704.0	6840.0	7237.0	7556.0	8053.0	7702.0	7060.0	8869.0	10339.0	12721.0	14685.0	16624.0	19278.0	23415.0	25515.0	26251.0	25421.0	27031.0	62758.0	1569119.0
fastQC | 229	6004.0	6058.0	6835.0	7158.0	7625.0	7710.0	7960.0	8284.0	8740.0	9817.0	9176.0	8512.0	11003.0	12864.0	15162.0	17914.0	19213.0	23167.0	28325.0	30848.0	32619.0	32485.0	35025.0	81656.0	2274531.0
fastQC | 23	13836.0	13601.0	14707.0	15577.0	16259.0	16341.0	16542.0	17306.0	18216.0	19431.0	18194.0	16677.0	21274.0	25566.0	30882.0	36074.0	39677.0	45375.0	54433.0	58501.0	61955.0	64351.0	67301.0	163963.0	4102558.0
fastQC | 230	7545.0	7748.0	8194.0	8511.0	9384.0	9800.0	9733.0	10200.0	10512.0	12207.0	11372.0	9955.0	13243.0	15267.0	18184.0	20974.0	23072.0	27685.0	32998.0	35824.0	37227.0	37119.0	39158.0	90194.0	2331970.0
fastQC | 231	3750.0	3738.0	3909.0	4036.0	4333.0	4388.0	4696.0	4581.0	4901.0	5591.0	5455.0	4877.0	6299.0	7410.0	9366.0	10604.0	11941.0	13436.0	16232.0	17569.0	18740.0	17585.0	18994.0	42698.0	1083507.0
fastQC | 232	6041.0	5911.0	6500.0	6761.0	7247.0	7653.0	7754.0	8219.0	8375.0	9281.0	8969.0	8062.0	10270.0	12092.0	14317.0	16592.0	18526.0	21805.0	26322.0	28456.0	29341.0	29086.0	31193.0	72467.0	1900579.0
fastQC | 233	6995.0	7024.0	7695.0	8245.0	8782.0	9007.0	9203.0	9759.0	10409.0	11687.0	10897.0	9754.0	12816.0	14893.0	17919.0	21050.0	23464.0	27860.0	34148.0	37628.0	39843.0	40657.0	43264.0	98178.0	2684860.0
fastQC | 234	3860.0	4043.0	4243.0	4441.0	4685.0	4813.0	5090.0	5264.0	5555.0	6032.0	5794.0	5139.0	6961.0	8272.0	9866.0	11444.0	12624.0	14913.0	18248.0	20340.0	20915.0	20844.0	21669.0	50523.0	1250993.0
fastQC | 235	13068.0	13068.0	14011.0	14591.0	15924.0	16449.0	16463.0	17277.0	18030.0	20002.0	18703.0	16525.0	21479.0	24663.0	29232.0	33767.0	37090.0	42811.0	52889.0	57267.0	58970.0	60988.0	64178.0	148613.0	3691067.0
fastQC | 236	9046.0	9273.0	9976.0	10303.0	10970.0	11210.0	11639.0	11982.0	12361.0	13669.0	12864.0	11446.0	14907.0	17319.0	20863.0	24319.0	26982.0	31280.0	38491.0	41512.0	42689.0	44541.0	47199.0	109660.0	2937109.0
fastQC | 237	8857.0	8818.0	9401.0	9666.0	9940.0	10138.0	10398.0	10646.0	11380.0	12315.0	11696.0	10200.0	13427.0	15544.0	19081.0	21699.0	24150.0	28151.0	34165.0	38246.0	39713.0	40535.0	43308.0	102455.0	2652230.0
fastQC | 238	5199.0	5319.0	5632.0	5800.0	6142.0	6525.0	6338.0	6587.0	6983.0	7451.0	7361.0	6248.0	8501.0	9659.0	11531.0	13429.0	14714.0	17249.0	21084.0	23580.0	24144.0	24853.0	26736.0	61612.0	1742104.0
fastQC | 239	6729.0	6853.0	7159.0	7561.0	7890.0	7910.0	8241.0	8543.0	9156.0	10140.0	9497.0	8117.0	10758.0	12705.0	15031.0	17600.0	19434.0	23212.0	27611.0	30579.0	32015.0	32754.0	35255.0	82181.0	2101342.0
fastQC | 24	28888.0	28929.0	31320.0	32766.0	34929.0	35767.0	35642.0	37264.0	39171.0	42030.0	39773.0	36286.0	46378.0	55031.0	65185.0	76127.0	82938.0	95150.0	115337.0	122836.0	130015.0	134867.0	140958.0	339397.0	8514817.0
fastQC | 241	13458.0	13297.0	13927.0	14628.0	15578.0	15803.0	16006.0	16856.0	17690.0	19207.0	17954.0	15923.0	20748.0	23877.0	28179.0	32810.0	36570.0	42450.0	51339.0	56556.0	58027.0	60210.0	64210.0	149557.0	4094868.0
fastQC | 242	3844.0	3658.0	4041.0	4124.0	4321.0	4471.0	4504.0	4654.0	4706.0	5259.0	4968.0	4366.0	5694.0	6650.0	7966.0	8840.0	9992.0	11457.0	13875.0	14969.0	15825.0	15942.0	16898.0	39924.0	1063917.0
fastQC | 243	10437.0	10536.0	11167.0	11769.0	12678.0	12674.0	12851.0	13144.0	13583.0	14810.0	14032.0	12598.0	16581.0	18510.0	21853.0	25778.0	28174.0	32560.0	39139.0	42168.0	43095.0	45514.0	48349.0	117636.0	3373400.0
fastQC | 244	7772.0	7642.0	8409.0	8801.0	9198.0	9566.0	9257.0	9675.0	9927.0	10914.0	10129.0	9206.0	12044.0	13944.0	15958.0	18666.0	20832.0	24072.0	28533.0	30647.0	31672.0	33671.0	35844.0	87638.0	2507081.0
fastQC | 245	7736.0	7706.0	8557.0	9176.0	9572.0	9785.0	9883.0	10383.0	10791.0	11488.0	11085.0	10025.0	13131.0	14785.0	17568.0	20079.0	22324.0	26202.0	31555.0	34271.0	36399.0	37065.0	40608.0	96780.0	2994037.0
fastQC | 246	20815.0	21390.0	23331.0	24786.0	26029.0	26744.0	26965.0	27913.0	29175.0	31692.0	30714.0	27316.0	35236.0	39595.0	46804.0	54236.0	60230.0	69338.0	82708.0	91073.0	94301.0	98729.0	104243.0	253515.0	7194729.0
fastQC | 247	8646.0	8818.0	9597.0	10125.0	10585.0	10691.0	10402.0	10855.0	11518.0	12705.0	12171.0	10739.0	14129.0	15943.0	18903.0	21834.0	24329.0	28216.0	33906.0	36305.0	38073.0	39753.0	43016.0	103391.0	2871985.0
fastQC | 248	8129.0	8362.0	9087.0	9835.0	10161.0	10682.0	10763.0	11116.0	11257.0	12805.0	12160.0	11053.0	14206.0	15752.0	18691.0	21610.0	23827.0	27544.0	32615.0	35610.0	36262.0	38010.0	41394.0	99133.0	3012331.0
fastQC | 249	7102.0	7173.0	7787.0	8159.0	8721.0	8886.0	8832.0	8991.0	9395.0	10427.0	9581.0	8694.0	11409.0	12794.0	15243.0	17760.0	19894.0	22166.0	27072.0	29621.0	30526.0	32073.0	34060.0	82946.0	2265838.0
fastQC | 25	4855.0	4936.0	5474.0	5750.0	6153.0	6157.0	6020.0	6177.0	6422.0	6880.0	6713.0	6238.0	7715.0	9124.0	10337.0	12305.0	13233.0	15151.0	17534.0	18714.0	20051.0	21067.0	22027.0	54456.0	1529051.0
fastQC | 250	8054.0	8199.0	8737.0	9219.0	9585.0	9865.0	9595.0	9822.0	9961.0	10955.0	10393.0	9333.0	12044.0	13438.0	15798.0	18469.0	20379.0	23428.0	28324.0	30432.0	31704.0	33190.0	35301.0	85213.0	2341552.0
fastQC | 251	5198.0	4678.0	4553.0	4775.0	4913.0	5255.0	5448.0	5794.0	6247.0	7180.0	6903.0	6005.0	7892.0	8802.0	10445.0	12076.0	12972.0	15174.0	17915.0	19506.0	20285.0	21187.0	22009.0	50784.0	1248474.0
fastQC | 252	5551.0	4979.0	4924.0	5182.0	5459.0	5566.0	5786.0	6390.0	6890.0	7868.0	7572.0	6644.0	8659.0	9855.0	11556.0	13034.0	14430.0	16495.0	20097.0	21329.0	21932.0	22779.0	23537.0	53973.0	1280421.0
fastQC | 253	5969.0	5232.0	5415.0	5516.0	5790.0	6049.0	6086.0	6482.0	7047.0	8039.0	8012.0	7009.0	9134.0	10366.0	11864.0	13766.0	15084.0	17742.0	20566.0	22512.0	23328.0	24081.0	25252.0	59844.0	1529626.0
fastQC | 254	12586.0	10513.0	10168.0	10209.0	11139.0	11445.0	11702.0	12888.0	13467.0	15256.0	14503.0	12963.0	16749.0	18973.0	22549.0	26142.0	29088.0	33640.0	39510.0	42937.0	43615.0	44540.0	46715.0	106698.0	2515987.0
fastQC | 255	3617.0	3299.0	3411.0	3692.0	3889.0	4211.0	4236.0	4576.0	4906.0	5890.0	5493.0	4952.0	6360.0	7028.0	8131.0	9074.0	10231.0	11603.0	14057.0	15079.0	15411.0	15940.0	16627.0	38610.0	951050.0
fastQC | 256	7203.0	6004.0	6130.0	6261.0	6652.0	6945.0	7170.0	7607.0	8137.0	9382.0	9022.0	7860.0	10211.0	11734.0	13467.0	15632.0	17641.0	20688.0	24684.0	27055.0	27209.0	28356.0	29541.0	68659.0	1712415.0
fastQC | 257	5330.0	4621.0	4723.0	4864.0	5186.0	5428.0	5444.0	5892.0	6577.0	7416.0	7048.0	6363.0	8162.0	9187.0	10602.0	12381.0	13940.0	16081.0	19037.0	20285.0	21353.0	21325.0	22868.0	51950.0	1301605.0
fastQC | 258	3296.0	3136.0	3192.0	3229.0	3484.0	3801.0	3558.0	3981.0	4446.0	5223.0	4893.0	4661.0	5912.0	6681.0	7686.0	8913.0	9888.0	11635.0	13533.0	14883.0	15096.0	15862.0	16866.0	38275.0	966439.0
fastQC | 259	5606.0	5585.0	6034.0	6512.0	6847.0	7156.0	7093.0	7316.0	7936.0	9027.0	8306.0	7723.0	9459.0	11738.0	13938.0	16018.0	18149.0	21787.0	26787.0	28972.0	30324.0	28479.0	30591.0	72557.0	2051459.0
fastQC | 26	5242.0	5072.0	5578.0	5825.0	6051.0	5979.0	6005.0	5921.0	6227.0	6725.0	6539.0	6006.0	7264.0	8404.0	9894.0	11535.0	12645.0	14017.0	16045.0	17277.0	18193.0	19157.0	20314.0	49137.0	1282342.0
fastQC | 260	5956.0	5905.0	6279.0	6773.0	7234.0	7350.0	7493.0	7930.0	8105.0	9185.0	8718.0	8001.0	10506.0	11881.0	14496.0	17192.0	19092.0	22361.0	27603.0	30577.0	31605.0	29595.0	32502.0	74200.0	2054201.0
fastQC | 261	5184.0	5262.0	5860.0	5872.0	6182.0	6446.0	6399.0	6627.0	7277.0	8008.0	7539.0	6503.0	8782.0	10308.0	12579.0	14394.0	16325.0	19129.0	23284.0	26383.0	27464.0	24940.0	27446.0	61907.0	1766473.0
fastQC | 262	7920.0	7599.0	8414.0	8516.0	9058.0	9407.0	9633.0	9765.0	10391.0	11330.0	10713.0	9537.0	12497.0	14771.0	17413.0	20650.0	23025.0	26551.0	32301.0	35475.0	36700.0	36707.0	39656.0	92408.0	2548870.0
fastQC | 263	5220.0	5106.0	5672.0	5682.0	6092.0	6196.0	6350.0	6961.0	7198.0	7811.0	7434.0	6822.0	8764.0	10206.0	12722.0	14377.0	15903.0	19009.0	23358.0	26175.0	26984.0	26436.0	28437.0	65858.0	1840098.0
fastQC | 264	4657.0	4838.0	5194.0	5374.0	5861.0	6051.0	6353.0	6550.0	6832.0	7708.0	7327.0	6553.0	8615.0	10309.0	12015.0	13933.0	15587.0	18534.0	22587.0	25079.0	25940.0	25098.0	27046.0	64640.0	1806632.0
fastQC | 265	5162.0	5269.0	5581.0	5756.0	6316.0	6599.0	6579.0	6798.0	7484.0	8145.0	7881.0	6857.0	8859.0	10407.0	12294.0	14920.0	16489.0	19488.0	24544.0	27066.0	27718.0	27205.0	29762.0	69905.0	2083604.0
fastQC | 266	6125.0	5996.0	6527.0	6889.0	7168.0	7325.0	7553.0	8116.0	8520.0	9429.0	9299.0	8447.0	11091.0	12446.0	15451.0	17312.0	19587.0	23406.0	28892.0	32150.0	33980.0	30427.0	34716.0	76592.0	2373149.0
fastQC | 267	3135.0	3124.0	3155.0	3619.0	3750.0	3769.0	3881.0	3965.0	3913.0	4421.0	4235.0	3708.0	4804.0	5655.0	6478.0	7662.0	8556.0	10111.0	12194.0	13516.0	13766.0	14112.0	15481.0	38301.0	1097378.0
fastQC | 268	4142.0	4066.0	4246.0	4711.0	4759.0	4929.0	4798.0	4993.0	5206.0	5786.0	5387.0	4652.0	6285.0	7047.0	8481.0	9866.0	10591.0	12652.0	15339.0	16464.0	17007.0	17784.0	19023.0	45448.0	1183298.0
fastQC | 269	6012.0	5870.0	6406.0	6416.0	6803.0	6648.0	6768.0	6864.0	7144.0	7749.0	7409.0	6589.0	8401.0	9370.0	11096.0	12954.0	14450.0	16419.0	19616.0	21307.0	22095.0	23272.0	25230.0	60408.0	1600730.0
fastQC | 27	3485.0	3349.0	3685.0	4044.0	4372.0	4246.0	4259.0	4260.0	4427.0	5073.0	4739.0	4499.0	5751.0	6598.0	7633.0	8900.0	9883.0	11366.0	13578.0	14837.0	15852.0	16517.0	18178.0	45119.0	1439177.0
fastQC | 270	6980.0	6506.0	7365.0	7801.0	8123.0	8111.0	8138.0	8633.0	9055.0	9597.0	9311.0	8457.0	10863.0	12462.0	14414.0	16484.0	18571.0	21244.0	25416.0	27529.0	28477.0	29788.0	31790.0	77744.0	2187035.0
fastQC | 271	2925.0	2743.0	2806.0	2994.0	2937.0	3035.0	3026.0	3138.0	3248.0	3474.0	3208.0	2998.0	3806.0	4373.0	5250.0	6005.0	6849.0	7761.0	9608.0	10172.0	10494.0	10900.0	11600.0	27660.0	664860.0
fastQC | 272	5110.0	4961.0	5200.0	5490.0	5873.0	5787.0	5848.0	6007.0	6267.0	6771.0	6461.0	5920.0	7699.0	8399.0	9985.0	11525.0	13091.0	14795.0	18040.0	19591.0	20199.0	21228.0	22545.0	55674.0	1536813.0
fastQC | 273	4844.0	4851.0	5286.0	5276.0	5563.0	5555.0	5535.0	5641.0	5979.0	6218.0	6020.0	5365.0	7078.0	8018.0	9362.0	11043.0	12186.0	13855.0	16595.0	18072.0	18247.0	19193.0	20799.0	50245.0	1291931.0
fastQC | 274	5270.0	5239.0	5546.0	5728.0	5834.0	5928.0	5789.0	5818.0	5989.0	6400.0	6227.0	5398.0	7129.0	8152.0	9538.0	11060.0	12529.0	14221.0	16487.0	18023.0	18950.0	19568.0	20877.0	50198.0	1301003.0
fastQC | 275	3711.0	3706.0	4091.0	4324.0	4408.0	4701.0	4646.0	4847.0	5109.0	5552.0	5289.0	4918.0	6528.0	7478.0	9042.0	10540.0	11319.0	13165.0	16154.0	18052.0	18511.0	17839.0	19531.0	45319.0	1231217.0
fastQC | 276	3149.0	3232.0	3606.0	3576.0	3847.0	3991.0	4267.0	4338.0	4704.0	5219.0	5006.0	4594.0	6050.0	7344.0	9216.0	10731.0	12373.0	14852.0	17833.0	19931.0	21481.0	17671.0	20164.0	44703.0	1249458.0
fastQC | 277	6250.0	6204.0	6523.0	7127.0	7261.0	7630.0	7812.0	7883.0	8566.0	9444.0	9027.0	7917.0	10520.0	12391.0	14802.0	17850.0	19913.0	24068.0	30078.0	33511.0	34757.0	32527.0	35578.0	81592.0	2189985.0
fastQC | 278	4778.0	4827.0	5286.0	5558.0	5924.0	6173.0	6284.0	6554.0	6921.0	7589.0	6980.0	6269.0	8564.0	10067.0	12534.0	14349.0	16005.0	19441.0	24052.0	26494.0	27496.0	26060.0	28264.0	66731.0	1737916.0
fastQC | 279	2520.0	2667.0	2811.0	3028.0	3219.0	3425.0	3727.0	3927.0	3939.0	4360.0	4050.0	3900.0	4978.0	5859.0	7038.0	8237.0	9602.0	11023.0	13248.0	14556.0	14323.0	12909.0	14108.0	31012.0	835864.0
fastQC | 28	4896.0	4944.0	5314.0	5406.0	5640.0	5616.0	5818.0	5775.0	6136.0	6815.0	6556.0	5925.0	7394.0	8529.0	10197.0	11829.0	13035.0	14553.0	16621.0	18445.0	19490.0	20391.0	21844.0	53264.0	1510380.0
fastQC | 280	5328.0	5670.0	6691.0	7204.0	7746.0	7968.0	8060.0	8190.0	8753.0	10019.0	9723.0	8743.0	10809.0	12557.0	14958.0	17184.0	18975.0	22079.0	26556.0	28860.0	31215.0	32613.0	33883.0	68970.0	1957468.0
fastQC | 281	3027.0	2964.0	3272.0	3295.0	3501.0	3785.0	3874.0	3858.0	4179.0	4516.0	4346.0	3894.0	5122.0	5712.0	6885.0	8312.0	8905.0	10811.0	13205.0	14998.0	15014.0	14880.0	16121.0	37743.0	1007130.0
fastQC | 282	3816.0	3867.0	3963.0	4309.0	4508.0	4455.0	4709.0	5008.0	5278.0	5914.0	5488.0	4838.0	6622.0	7671.0	9227.0	10726.0	12032.0	14119.0	17564.0	19351.0	20079.0	19139.0	21079.0	48164.0	1232499.0
fastQC | 283	10155.0	10338.0	10827.0	11349.0	11962.0	12271.0	12603.0	13193.0	13844.0	14876.0	14052.0	12154.0	16284.0	19350.0	23881.0	27603.0	30852.0	36544.0	45204.0	49753.0	52290.0	51175.0	55375.0	127395.0	3237145.0
fastQC | 284	15152.0	15205.0	16183.0	16849.0	17636.0	18351.0	18656.0	19677.0	20445.0	22256.0	20952.0	18435.0	24283.0	28969.0	35646.0	42120.0	46451.0	54478.0	68606.0	76898.0	79778.0	76976.0	83508.0	188715.0	4854906.0
fastQC | 285	6425.0	6421.0	6849.0	7220.0	7770.0	7936.0	8195.0	8160.0	8602.0	9561.0	9083.0	7927.0	10392.0	11865.0	14137.0	16463.0	18475.0	21806.0	26097.0	29349.0	30083.0	29254.0	32507.0	74156.0	2125876.0
fastQC | 286	7428.0	7490.0	8156.0	8677.0	9278.0	9427.0	9292.0	10066.0	10170.0	11555.0	10764.0	10141.0	12824.0	14707.0	17488.0	19956.0	22237.0	25457.0	30169.0	33407.0	35139.0	33570.0	36085.0	83847.0	2525719.0
fastQC | 287	11217.0	11062.0	11718.0	12304.0	12948.0	13748.0	13730.0	14438.0	14889.0	15949.0	14846.0	13181.0	17891.0	21986.0	27875.0	32406.0	35709.0	43348.0	54963.0	61079.0	62412.0	60677.0	65548.0	153548.0	3661282.0
fastQC | 288	4137.0	3977.0	4428.0	4719.0	4843.0	5094.0	5079.0	5345.0	5636.0	6216.0	5564.0	5123.0	6840.0	7781.0	9875.0	11320.0	12554.0	14821.0	18605.0	20469.0	21692.0	23773.0	24272.0	51572.0	1351077.0
fastQC | 289	10818.0	10960.0	11498.0	12153.0	12881.0	13097.0	13512.0	13971.0	14592.0	15784.0	15259.0	13692.0	17701.0	20846.0	25267.0	29377.0	32729.0	38373.0	47915.0	52721.0	54587.0	53219.0	57549.0	135740.0	3656905.0
fastQC | 29	5264.0	5182.0	5657.0	6026.0	6265.0	6458.0	6348.0	6369.0	6607.0	7286.0	7178.0	6557.0	8213.0	9466.0	10880.0	13139.0	14546.0	16080.0	18781.0	20159.0	21094.0	22489.0	24213.0	57917.0	1585773.0
fastQC | 290	5946.0	5586.0	5848.0	6320.0	6638.0	6665.0	6712.0	6875.0	7320.0	8268.0	7819.0	6858.0	9208.0	10578.0	13418.0	15576.0	17575.0	20891.0	24952.0	28115.0	30106.0	28167.0	32234.0	70700.0	2105453.0
fastQC | 291	20613.0	19369.0	20171.0	21088.0	22776.0	23877.0	25115.0	26911.0	29156.0	33811.0	32430.0	28512.0	36626.0	41910.0	48821.0	56030.0	61670.0	71819.0	86602.0	94761.0	98076.0	100644.0	105389.0	243454.0	6256059.0
fastQC | 292	15384.0	13900.0	14102.0	14700.0	15209.0	15745.0	15903.0	16911.0	18543.0	20943.0	20444.0	18035.0	23091.0	26069.0	30513.0	34900.0	39017.0	45100.0	53538.0	58288.0	60333.0	62886.0	65993.0	155228.0	3831023.0
fastQC | 293	12844.0	12131.0	12345.0	12916.0	13960.0	14556.0	15013.0	15931.0	17114.0	20318.0	20084.0	17483.0	21908.0	24824.0	28582.0	32520.0	36302.0	42345.0	50380.0	54589.0	57511.0	58939.0	62499.0	144611.0	3720929.0
fastQC | 294	17520.0	15368.0	15332.0	16029.0	17012.0	17789.0	18177.0	19069.0	20930.0	23736.0	22775.0	19970.0	25829.0	29358.0	34220.0	39433.0	43469.0	50981.0	60631.0	65304.0	67157.0	70266.0	73948.0	170104.0	4180543.0
fastQC | 295	18000.0	15706.0	15871.0	16266.0	17543.0	18457.0	17986.0	19465.0	20721.0	23877.0	22916.0	20145.0	25949.0	28680.0	33399.0	38963.0	43335.0	49509.0	57768.0	61915.0	63718.0	66709.0	70174.0	160684.0	3695277.0
fastQC | 296	15129.0	13433.0	14142.0	14459.0	15585.0	16052.0	16392.0	17140.0	18496.0	21304.0	20551.0	18153.0	23466.0	26348.0	30054.0	34825.0	38611.0	44968.0	53092.0	57459.0	58972.0	61440.0	64008.0	150004.0	3674575.0
fastQC | 297	12920.0	11610.0	12115.0	12501.0	13491.0	13961.0	14335.0	15130.0	16833.0	19428.0	18530.0	16411.0	20961.0	23762.0	27353.0	31850.0	35252.0	41299.0	48599.0	53439.0	55194.0	56725.0	59850.0	140550.0	3537214.0
fastQC | 298	19798.0	18013.0	18660.0	19473.0	20850.0	21681.0	22277.0	23849.0	25660.0	29436.0	28463.0	25043.0	31988.0	36130.0	41925.0	47935.0	52860.0	61162.0	71903.0	78779.0	80865.0	83582.0	88031.0	203019.0	4969663.0
fastQC | 299	6555.0	6763.0	6854.0	7582.0	8224.0	8482.0	8607.0	9502.0	9521.0	11015.0	10434.0	9371.0	11932.0	13845.0	15907.0	18735.0	20887.0	24205.0	29486.0	32015.0	34618.0	35448.0	37964.0	90740.0	2587805.0
fastQC | 3	5343.0	4103.0	4248.0	4439.0	5077.0	5974.0	7383.0	8909.0	9646.0	10145.0	8728.0	6509.0	7382.0	7982.0	8961.0	9980.0	10799.0	12333.0	14309.0	15168.0	15467.0	16190.0	17073.0	38463.0	931435.0
fastQC | 30	5617.0	5268.0	5940.0	6134.0	6408.0	6435.0	6304.0	6469.0	6483.0	7066.0	6728.0	6369.0	7722.0	8983.0	10463.0	12335.0	13378.0	15056.0	17182.0	18111.0	19034.0	20260.0	21291.0	50782.0	1318200.0
fastQC | 300	5530.0	5679.0	6187.0	6488.0	6808.0	7101.0	7107.0	7178.0	7689.0	8685.0	8016.0	7115.0	9269.0	10430.0	12397.0	14564.0	15941.0	18714.0	22668.0	24872.0	25846.0	26808.0	28626.0	67646.0	1881923.0
fastQC | 301	15583.0	15509.0	16920.0	17493.0	18385.0	18873.0	19381.0	20219.0	21144.0	23615.0	21597.0	19391.0	25308.0	28714.0	34947.0	41280.0	45399.0	53349.0	65847.0	72759.0	76255.0	78244.0	83226.0	195213.0	5337343.0
fastQC | 302	10768.0	11201.0	11816.0	12573.0	13562.0	13839.0	13945.0	14594.0	15321.0	17368.0	16173.0	14352.0	18536.0	21676.0	25611.0	28647.0	32478.0	38444.0	46866.0	50125.0	52358.0	54022.0	58552.0	140288.0	4150012.0
fastQC | 303	6529.0	6669.0	7245.0	7560.0	8020.0	8432.0	8706.0	8980.0	9116.0	10152.0	9484.0	8641.0	11168.0	12798.0	15311.0	18158.0	19637.0	22992.0	27481.0	30576.0	31651.0	32770.0	35302.0	82792.0	2324909.0
fastQC | 304	6817.0	7369.0	8049.0	8751.0	9152.0	9793.0	10113.0	10715.0	11157.0	12481.0	11734.0	10126.0	13233.0	15573.0	18895.0	22110.0	24145.0	28139.0	34876.0	39003.0	40937.0	40806.0	44990.0	108849.0	3280528.0
fastQC | 305	7525.0	7931.0	8680.0	9464.0	10135.0	10867.0	11264.0	11557.0	12118.0	13840.0	13198.0	11885.0	14823.0	16385.0	19472.0	22707.0	24992.0	30203.0	37320.0	42138.0	47754.0	54856.0	55196.0	107151.0	3314524.0
fastQC | 306	15734.0	15700.0	16538.0	17037.0	18085.0	18334.0	19062.0	20441.0	21434.0	22908.0	21562.0	18769.0	24533.0	29385.0	34599.0	40761.0	44886.0	52519.0	65010.0	70762.0	74096.0	75450.0	80481.0	185610.0	4599525.0
fastQC | 307	8308.0	8411.0	9215.0	9561.0	9806.0	10270.0	10419.0	10428.0	10637.0	11987.0	11482.0	10321.0	13218.0	15107.0	17849.0	20692.0	22561.0	26418.0	31937.0	34796.0	36028.0	37422.0	40590.0	97040.0	2794664.0
fastQC | 308	7606.0	7775.0	8570.0	8863.0	9053.0	9226.0	8969.0	9503.0	9937.0	10938.0	10368.0	9126.0	12180.0	13176.0	15998.0	18528.0	20563.0	24076.0	28547.0	30775.0	32257.0	34007.0	35978.0	86687.0	2370237.0
fastQC | 309	6726.0	6964.0	7471.0	7814.0	8010.0	8079.0	8312.0	8633.0	8939.0	9902.0	9295.0	8202.0	10732.0	12172.0	14118.0	16447.0	18759.0	21498.0	25743.0	27993.0	28915.0	30368.0	32237.0	78616.0	2249369.0
fastQC | 31	4065.0	4016.0	4522.0	4840.0	4993.0	5039.0	5237.0	5102.0	5395.0	6021.0	5811.0	5428.0	6749.0	7784.0	8911.0	10522.0	11809.0	13078.0	15384.0	16509.0	17693.0	18383.0	19926.0	48572.0	1409070.0
fastQC | 310	9582.0	9347.0	10161.0	10440.0	10872.0	10908.0	10871.0	10973.0	11753.0	12696.0	12258.0	11088.0	13968.0	16118.0	18656.0	22010.0	24381.0	27819.0	32799.0	35971.0	37235.0	39143.0	41866.0	100851.0	2892206.0
fastQC | 311	9431.0	9604.0	10030.0	10667.0	11013.0	11134.0	11164.0	11691.0	11974.0	13503.0	12594.0	11136.0	14760.0	16667.0	19459.0	22625.0	25318.0	29270.0	34582.0	37542.0	38734.0	40753.0	43747.0	105411.0	2901901.0
fastQC | 312	8704.0	8722.0	9046.0	9619.0	10067.0	10073.0	10059.0	10361.0	10788.0	12015.0	10820.0	10450.0	13246.0	14729.0	16926.0	19555.0	22329.0	25443.0	30292.0	32620.0	33565.0	35780.0	37784.0	91996.0	2642118.0
fastQC | 313	9161.0	9508.0	10079.0	10891.0	11272.0	11536.0	11460.0	11492.0	12162.0	13619.0	13255.0	11675.0	15092.0	16720.0	19665.0	22552.0	25505.0	29542.0	35404.0	38140.0	39019.0	40933.0	43893.0	107151.0	3042004.0
fastQC | 314	7031.0	7090.0	7379.0	7851.0	8074.0	8154.0	8127.0	8562.0	9027.0	9783.0	9031.0	8218.0	10558.0	12166.0	14422.0	16755.0	18608.0	21805.0	26124.0	28690.0	29420.0	30625.0	32798.0	79369.0	2187689.0
fastQC | 315	8535.0	8984.0	9890.0	10429.0	11089.0	11031.0	11084.0	11234.0	11581.0	12761.0	12266.0	10843.0	13982.0	15611.0	17813.0	20633.0	22594.0	25732.0	31126.0	33288.0	34574.0	36440.0	38986.0	90966.0	2590881.0
fastQC | 316	8434.0	8424.0	9132.0	9529.0	10034.0	10242.0	10110.0	10130.0	10793.0	11989.0	11109.0	9971.0	13021.0	14778.0	17102.0	19425.0	21377.0	24555.0	29246.0	31553.0	33033.0	34146.0	35961.0	85481.0	2376040.0
fastQC | 317	7778.0	7899.0	8437.0	8786.0	9334.0	9523.0	9255.0	9798.0	10276.0	11142.0	10866.0	9539.0	12267.0	13822.0	16587.0	19049.0	20820.0	23896.0	28978.0	31863.0	32844.0	33986.0	35925.0	86280.0	2425411.0
fastQC | 318	6205.0	6326.0	7061.0	7259.0	7899.0	7887.0	8014.0	8148.0	8522.0	9214.0	8866.0	8064.0	10441.0	11872.0	13998.0	15839.0	17778.0	20618.0	24812.0	26965.0	27974.0	29078.0	31201.0	75810.0	2221183.0
fastQC | 319	10254.0	10712.0	12308.0	13051.0	13842.0	13777.0	13413.0	13846.0	14821.0	16130.0	15519.0	13794.0	17444.0	19304.0	22310.0	24979.0	27544.0	31324.0	36724.0	39807.0	40710.0	43404.0	45592.0	104905.0	2846429.0
fastQC | 32	6181.0	5694.0	6062.0	6133.0	6589.0	6357.0	6294.0	6257.0	6365.0	7196.0	6609.0	6048.0	7749.0	8783.0	9988.0	12007.0	13271.0	14673.0	16562.0	17519.0	18689.0	19684.0	20656.0	49362.0	1248587.0
fastQC | 320	8870.0	9050.0	9874.0	10596.0	11218.0	11220.0	11331.0	11562.0	12070.0	13066.0	12666.0	11380.0	14757.0	16443.0	19442.0	22767.0	25215.0	29096.0	34614.0	37315.0	38557.0	40123.0	42251.0	104715.0	2957999.0
fastQC | 321	9045.0	9057.0	9807.0	10359.0	10879.0	10886.0	10754.0	11124.0	11350.0	12468.0	12257.0	10413.0	13771.0	15684.0	18304.0	20839.0	23164.0	26776.0	32142.0	34748.0	35631.0	37242.0	39498.0	93502.0	2520176.0
fastQC | 322	5462.0	5759.0	6122.0	6364.0	6844.0	6888.0	6985.0	7047.0	7528.0	8111.0	7716.0	6880.0	9232.0	10646.0	12198.0	14167.0	15961.0	18397.0	22580.0	24674.0	25263.0	26513.0	28364.0	69922.0	1977929.0
fastQC | 323	11609.0	12091.0	12970.0	13821.0	14113.0	14423.0	13900.0	14642.0	15009.0	16186.0	15572.0	13747.0	18241.0	19985.0	23488.0	27469.0	30390.0	34590.0	41428.0	44820.0	46149.0	48046.0	52035.0	124088.0	3598858.0
fastQC | 324	13565.0	13875.0	15862.0	17069.0	17666.0	17206.0	16534.0	16751.0	17416.0	18982.0	18293.0	15753.0	20707.0	23098.0	27024.0	30469.0	33797.0	37911.0	44794.0	47554.0	49466.0	52537.0	56015.0	129728.0	3423875.0
fastQC | 325	9663.0	10193.0	11025.0	11001.0	11764.0	12038.0	12073.0	12470.0	13508.0	14575.0	13702.0	12435.0	16161.0	18079.0	21826.0	25111.0	27510.0	32386.0	39446.0	43620.0	44972.0	46518.0	50546.0	123070.0	3668128.0
fastQC | 326	14423.0	14245.0	15550.0	15719.0	16457.0	16396.0	16385.0	17128.0	17186.0	19128.0	18038.0	16300.0	20934.0	24192.0	28785.0	32869.0	36450.0	42286.0	51885.0	55998.0	57463.0	60539.0	64380.0	154924.0	4351313.0
fastQC | 327	13909.0	13915.0	15307.0	15593.0	16510.0	16587.0	16232.0	16689.0	17357.0	19349.0	18691.0	16768.0	21514.0	24549.0	28460.0	33219.0	36483.0	42188.0	50210.0	54789.0	56285.0	59373.0	62922.0	148534.0	4153152.0
fastQC | 328	10471.0	10563.0	11462.0	12270.0	12633.0	12679.0	12642.0	13238.0	13487.0	14831.0	14125.0	12772.0	16606.0	18705.0	21985.0	25379.0	27884.0	32337.0	38678.0	42890.0	44281.0	46265.0	49671.0	121709.0	3606408.0
fastQC | 329	10428.0	10783.0	11595.0	12192.0	13167.0	13134.0	13418.0	13412.0	14147.0	15514.0	14830.0	13186.0	17138.0	19372.0	22824.0	26031.0	29071.0	33120.0	40163.0	43424.0	45458.0	47789.0	50291.0	121853.0	3610251.0
fastQC | 33	19955.0	19718.0	21942.0	23399.0	24511.0	24200.0	23720.0	24644.0	25567.0	27705.0	26857.0	24857.0	31052.0	35600.0	41307.0	47647.0	51970.0	58357.0	67657.0	71785.0	75034.0	77868.0	82895.0	202713.0	5586835.0
fastQC | 330	10885.0	10635.0	11531.0	11793.0	12223.0	12192.0	12116.0	11829.0	12203.0	13249.0	12533.0	11197.0	14550.0	16082.0	18916.0	22351.0	24855.0	27873.0	33411.0	35987.0	36760.0	38991.0	41470.0	97824.0	2639547.0
fastQC | 34	4644.0	4346.0	4911.0	5175.0	5749.0	5614.0	5534.0	5613.0	5767.0	6342.0	6087.0	5671.0	7217.0	8062.0	9608.0	11212.0	12052.0	13918.0	15735.0	16723.0	17789.0	18514.0	19652.0	46612.0	1273189.0
fastQC | 35	4120.0	4152.0	4484.0	4780.0	5052.0	5051.0	4965.0	5242.0	5515.0	5903.0	5667.0	5228.0	6770.0	7902.0	9426.0	11019.0	12020.0	13725.0	16303.0	17975.0	18970.0	18993.0	20696.0	50102.0	1455721.0
fastQC | 36	7193.0	7358.0	7822.0	8140.0	8746.0	8730.0	8677.0	8768.0	9069.0	9913.0	9524.0	8829.0	11206.0	13128.0	15465.0	18096.0	20035.0	22016.0	26221.0	27638.0	29330.0	30276.0	31782.0	78537.0	2141476.0
fastQC | 37	18513.0	18067.0	19960.0	21282.0	22137.0	22346.0	21814.0	22599.0	23563.0	25980.0	24696.0	23139.0	29477.0	34238.0	40673.0	46973.0	51879.0	58623.0	68849.0	74059.0	78631.0	78993.0	84285.0	204815.0	5685583.0
fastQC | 38	4774.0	4838.0	5440.0	5900.0	6020.0	6111.0	6121.0	6197.0	6402.0	6897.0	6814.0	6271.0	7964.0	9095.0	10548.0	12434.0	13520.0	15011.0	17916.0	18708.0	19960.0	20653.0	21720.0	54597.0	1574591.0
fastQC | 39	2750.0	2856.0	3060.0	3290.0	3580.0	3659.0	3620.0	3891.0	4183.0	4590.0	4689.0	4497.0	5543.0	6653.0	7770.0	9280.0	10152.0	11491.0	12978.0	14532.0	15657.0	13515.0	15294.0	33757.0	934046.0
fastQC | 4	3869.0	3274.0	3175.0	3258.0	3807.0	4436.0	5399.0	6297.0	7045.0	7544.0	6601.0	4981.0	5545.0	6106.0	6937.0	7655.0	8412.0	9471.0	11172.0	11928.0	12148.0	12430.0	13104.0	30595.0	789018.0
fastQC | 40	5147.0	5102.0	5563.0	5948.0	6107.0	6089.0	5758.0	6276.0	6339.0	6958.0	6770.0	6458.0	7827.0	8987.0	10624.0	12328.0	13477.0	15243.0	17925.0	19367.0	20798.0	20523.0	22134.0	53591.0	1591700.0
fastQC | 41	10910.0	11267.0	12291.0	12846.0	13733.0	13829.0	13856.0	13794.0	14600.0	16091.0	15557.0	14398.0	18044.0	20706.0	24677.0	28419.0	31040.0	35498.0	41512.0	44093.0	46685.0	48166.0	51103.0	124666.0	3389558.0
fastQC | 42	5079.0	5124.0	5721.0	5878.0	6398.0	6700.0	6768.0	7117.0	7304.0	8129.0	7882.0	7681.0	9312.0	10509.0	12582.0	14926.0	16315.0	19120.0	22308.0	23778.0	25127.0	26380.0	27470.0	68875.0	1863968.0
fastQC | 43	3371.0	3716.0	4179.0	4528.0	4714.0	4759.0	5051.0	5196.0	5644.0	6318.0	6130.0	5905.0	7132.0	8237.0	10034.0	11522.0	12370.0	14111.0	17219.0	18593.0	20164.0	21164.0	22322.0	54371.0	1658639.0
fastQC | 44	7597.0	7553.0	8246.0	8537.0	9091.0	9504.0	9268.0	9759.0	10614.0	11208.0	10445.0	9817.0	12564.0	15276.0	18365.0	21499.0	23678.0	27598.0	33323.0	36087.0	38045.0	38640.0	41332.0	100556.0	2624100.0
fastQC | 45	12223.0	11833.0	12817.0	13338.0	14153.0	14387.0	14309.0	14625.0	15407.0	16525.0	15722.0	14641.0	18494.0	21933.0	25819.0	30430.0	33428.0	37965.0	45010.0	47772.0	49933.0	51171.0	53687.0	129889.0	3219671.0
fastQC | 46	2573.0	2513.0	2598.0	2655.0	2712.0	2846.0	2756.0	2887.0	2941.0	3152.0	2869.0	2643.0	3358.0	4326.0	5436.0	6457.0	7111.0	8185.0	10056.0	10794.0	11196.0	11354.0	11771.0	29081.0	696336.0
fastQC | 47	6263.0	6321.0	6959.0	7345.0	7834.0	7852.0	8054.0	8286.0	8793.0	9544.0	9127.0	8639.0	10823.0	12577.0	14830.0	17449.0	19179.0	21534.0	25510.0	27496.0	28867.0	29474.0	32010.0	77298.0	2078090.0
fastQC | 48	6672.0	6822.0	7450.0	7784.0	8284.0	8460.0	8796.0	9164.0	9340.0	10234.0	9835.0	9004.0	11549.0	13406.0	15933.0	19053.0	20601.0	23504.0	28261.0	29926.0	31608.0	32456.0	34760.0	85626.0	2294690.0
fastQC | 49	17644.0	17639.0	18878.0	19708.0	21021.0	20595.0	20305.0	20788.0	21362.0	23113.0	22178.0	20462.0	25993.0	29881.0	35229.0	41005.0	44434.0	49918.0	57994.0	61274.0	64341.0	67524.0	70443.0	173236.0	4578034.0
fastQC | 5	7198.0	5613.0	5520.0	5947.0	6825.0	7976.0	9804.0	11587.0	12465.0	13051.0	11058.0	8078.0	9199.0	10126.0	11416.0	13046.0	13862.0	15641.0	18802.0	19960.0	20473.0	20538.0	21150.0	49684.0	1183339.0
fastQC | 50	16181.0	16010.0	17716.0	18702.0	19168.0	19253.0	18765.0	19119.0	19766.0	21272.0	20634.0	19255.0	24482.0	27912.0	32579.0	38442.0	41751.0	46077.0	53540.0	56378.0	59474.0	61339.0	64554.0	158369.0	4028759.0
fastQC | 51	17305.0	16892.0	18661.0	19715.0	20379.0	20764.0	20399.0	21148.0	21574.0	23596.0	22587.0	20683.0	26247.0	30644.0	36399.0	42182.0	46200.0	52207.0	60554.0	64603.0	68643.0	72177.0	76039.0	188344.0	5079665.0
fastQC | 52	37838.0	37601.0	41576.0	44355.0	46773.0	47161.0	47401.0	48195.0	50594.0	55427.0	53441.0	49568.0	63197.0	72989.0	85170.0	98707.0	108994.0	121898.0	142420.0	152355.0	159800.0	167453.0	178769.0	431133.0	11760305.0
fastQC | 53	9682.0	9520.0	10291.0	10929.0	11557.0	11960.0	11786.0	12079.0	12371.0	13624.0	12854.0	11857.0	15340.0	17211.0	20952.0	24223.0	26787.0	30212.0	35259.0	37196.0	39044.0	40516.0	42884.0	102952.0	2614183.0
fastQC | 54	14319.0	14397.0	15980.0	16667.0	17992.0	18449.0	18207.0	18716.0	19767.0	21304.0	20484.0	19354.0	23691.0	28027.0	33823.0	39877.0	43313.0	50037.0	58852.0	63564.0	67746.0	70014.0	74552.0	185609.0	5123738.0
fastQC | 55	31864.0	32332.0	35984.0	38298.0	40032.0	40641.0	40862.0	42194.0	43783.0	47800.0	46055.0	42302.0	53916.0	62726.0	73708.0	86052.0	93385.0	106408.0	125369.0	134171.0	141323.0	147603.0	156298.0	386743.0	10678719.0
fastQC | 56	11065.0	10673.0	11901.0	12475.0	13347.0	13436.0	13291.0	13477.0	13775.0	15024.0	14789.0	13559.0	16960.0	19570.0	22810.0	26800.0	29587.0	33244.0	37938.0	40338.0	42936.0	44724.0	47797.0	116745.0	3208995.0
fastQC | 57	15597.0	15547.0	16950.0	17676.0	18472.0	19290.0	19082.0	20348.0	21511.0	22998.0	22056.0	20164.0	25930.0	30052.0	35848.0	41629.0	44994.0	52048.0	62347.0	66122.0	70991.0	73635.0	78482.0	189703.0	4859892.0
fastQC | 58	11112.0	11326.0	12308.0	12446.0	13245.0	13558.0	13445.0	14133.0	14976.0	16575.0	15531.0	14276.0	17886.0	21269.0	25175.0	29396.0	32233.0	36702.0	43878.0	47469.0	49938.0	51859.0	55098.0	135037.0	3551172.0
fastQC | 59	10081.0	9910.0	10811.0	11424.0	12022.0	12046.0	12041.0	12806.0	13285.0	14762.0	13823.0	12585.0	16171.0	18712.0	22090.0	25890.0	28326.0	32530.0	38013.0	40552.0	42933.0	44905.0	47522.0	116522.0	2992326.0
fastQC | 6	10170.0	8735.0	8713.0	9209.0	10659.0	12872.0	15512.0	18255.0	19780.0	21651.0	19122.0	14645.0	16345.0	17255.0	19442.0	21654.0	22824.0	25758.0	30091.0	31812.0	33289.0	34419.0	35992.0	86774.0	2383216.0
fastQC | 60	3912.0	3804.0	3997.0	4219.0	4397.0	4454.0	4437.0	4773.0	4909.0	5298.0	4881.0	4700.0	5742.0	6761.0	8120.0	9343.0	10263.0	11735.0	13675.0	14472.0	15311.0	15820.0	16681.0	40540.0	1028591.0
fastQC | 61	6072.0	5459.0	5974.0	6211.0	6466.0	6562.0	6709.0	7027.0	7347.0	7916.0	7365.0	6864.0	8622.0	10351.0	12735.0	14842.0	15941.0	18613.0	22135.0	24107.0	25074.0	25550.0	26892.0	64400.0	1535197.0
fastQC | 62	6846.0	6761.0	7415.0	7835.0	8058.0	8151.0	8233.0	8681.0	9007.0	9657.0	9068.0	8519.0	10718.0	12465.0	14829.0	17628.0	19303.0	22024.0	26224.0	27956.0	29434.0	30802.0	32314.0	79459.0	1987488.0
fastQC | 63	12423.0	12692.0	13910.0	14979.0	15791.0	15993.0	16463.0	17588.0	18616.0	19685.0	18907.0	17592.0	21962.0	25637.0	30312.0	35101.0	38541.0	43509.0	51829.0	55202.0	60016.0	63100.0	66797.0	158391.0	4087969.0
fastQC | 64	2650.0	2684.0	2879.0	2981.0	3207.0	3385.0	3353.0	3434.0	3511.0	4054.0	3770.0	3616.0	4365.0	5037.0	5933.0	6789.0	7390.0	8523.0	9747.0	10763.0	11526.0	11657.0	12543.0	30428.0	824354.0
fastQC | 65	3376.0	3340.0	3643.0	3975.0	4131.0	4175.0	4297.0	4465.0	4526.0	5243.0	5054.0	4765.0	5881.0	6703.0	7857.0	9349.0	10201.0	11645.0	13798.0	15031.0	15659.0	15842.0	17453.0	41726.0	1244442.0
fastQC | 66	4982.0	4955.0	5618.0	5814.0	6105.0	6134.0	5936.0	6231.0	6503.0	7201.0	7113.0	6409.0	7889.0	9035.0	10622.0	12314.0	13590.0	15337.0	17750.0	18822.0	20028.0	21003.0	22383.0	52701.0	1385679.0
fastQC | 67	12777.0	12784.0	14443.0	15270.0	15992.0	15834.0	16244.0	16289.0	16934.0	18633.0	18446.0	17273.0	21519.0	24308.0	28192.0	33283.0	36513.0	41297.0	48364.0	52255.0	55738.0	58207.0	61844.0	154016.0	4291071.0
fastQC | 68	6853.0	6595.0	7465.0	7753.0	8196.0	8258.0	8143.0	8307.0	8819.0	9395.0	9204.0	8785.0	10771.0	12160.0	14263.0	16930.0	18397.0	21021.0	24226.0	26356.0	27763.0	29555.0	31103.0	76799.0	2171279.0
fastQC | 69	14021.0	13975.0	15091.0	16336.0	17282.0	17715.0	17053.0	17026.0	17504.0	19070.0	18158.0	17463.0	21405.0	24722.0	28531.0	33353.0	36500.0	41114.0	47485.0	50888.0	53456.0	56150.0	60241.0	146198.0	3845323.0
fastQC | 7	7631.0	6316.0	6239.0	6695.0	7850.0	9285.0	11498.0	13620.0	14686.0	15704.0	13560.0	10118.0	11340.0	12340.0	13711.0	15533.0	16125.0	18627.0	21866.0	23341.0	23962.0	24733.0	25929.0	60855.0	1513247.0
fastQC | 70	15162.0	15205.0	16962.0	17907.0	18908.0	18929.0	18720.0	19110.0	19289.0	21297.0	21019.0	19561.0	24251.0	27498.0	32110.0	37284.0	41589.0	45913.0	53266.0	56669.0	60035.0	61971.0	66941.0	164983.0	4509879.0
fastQC | 71	3707.0	3775.0	4192.0	4546.0	4710.0	4594.0	4502.0	4692.0	4833.0	5384.0	5294.0	4990.0	6089.0	6953.0	8238.0	9514.0	10494.0	11853.0	13794.0	14483.0	15778.0	16249.0	17149.0	42679.0	1160687.0
fastQC | 72	2800.0	2809.0	3180.0	3216.0	3396.0	3480.0	3450.0	3434.0	3641.0	3964.0	3767.0	3628.0	4459.0	5059.0	5969.0	6983.0	7625.0	8793.0	10137.0	10893.0	11633.0	11942.0	12709.0	30793.0	814767.0
fastQC | 73	32945.0	33566.0	36436.0	38521.0	40468.0	40582.0	41017.0	42189.0	43796.0	48823.0	45948.0	43450.0	54541.0	62452.0	73396.0	85996.0	93728.0	106009.0	125068.0	133083.0	140415.0	147106.0	156343.0	385614.0	10579107.0
fastQC | 74	30137.0	30096.0	33403.0	34210.0	36535.0	37026.0	36977.0	37429.0	38721.0	43001.0	40888.0	37747.0	47226.0	53704.0	63877.0	73171.0	80094.0	90234.0	104971.0	111855.0	117021.0	121800.0	129847.0	317711.0	8445685.0
fastQC | 75	14707.0	14736.0	15840.0	16690.0	17567.0	17444.0	17260.0	17480.0	18225.0	20009.0	19353.0	17676.0	22487.0	25806.0	30207.0	34690.0	38361.0	43460.0	50654.0	54191.0	57020.0	59752.0	63327.0	156956.0	4243982.0
fastQC | 76	45727.0	45695.0	49114.0	51889.0	55465.0	55899.0	55725.0	57497.0	59761.0	64969.0	62954.0	58398.0	73410.0	84723.0	100331.0	116056.0	127445.0	143934.0	167575.0	178964.0	189872.0	196802.0	210200.0	511881.0	14620520.0
fastQC | 77	29807.0	29335.0	31353.0	33154.0	35736.0	35756.0	35434.0	36698.0	37388.0	41359.0	39852.0	37177.0	46203.0	53469.0	62879.0	72792.0	79770.0	88957.0	104037.0	111088.0	116113.0	120896.0	128095.0	313283.0	8361214.0
fastQC | 78	24357.0	24637.0	27308.0	28967.0	30947.0	31723.0	31304.0	32462.0	33614.0	37794.0	36397.0	34344.0	42616.0	48053.0	56792.0	65760.0	71262.0	79948.0	93129.0	99381.0	104543.0	109172.0	116408.0	284379.0	8037317.0
fastQC | 79	37053.0	36917.0	40543.0	42094.0	44737.0	45201.0	44770.0	46285.0	48244.0	52535.0	50449.0	47430.0	59162.0	68173.0	79907.0	92693.0	101305.0	113739.0	131906.0	139799.0	146944.0	153652.0	163144.0	393508.0	10371930.0
fastQC | 8	6758.0	5612.0	5799.0	6323.0	7258.0	8404.0	10080.0	11804.0	12743.0	13912.0	11674.0	9175.0	10291.0	10857.0	12170.0	13287.0	14463.0	16362.0	18838.0	19906.0	20289.0	21517.0	22302.0	52460.0	1363237.0
fastQC | 80	19476.0	19453.0	21420.0	22685.0	23720.0	24200.0	24556.0	25215.0	26033.0	29200.0	28050.0	25707.0	32568.0	36854.0	42958.0	49384.0	54654.0	61585.0	71323.0	76610.0	81558.0	84450.0	89598.0	219576.0	6336880.0
fastQC | 81	7176.0	7212.0	7933.0	8486.0	8991.0	9091.0	9091.0	9249.0	9681.0	10736.0	10176.0	9355.0	11814.0	14184.0	16592.0	19340.0	21152.0	24216.0	28773.0	30395.0	32397.0	33645.0	35711.0	86882.0	2404906.0
fastQC | 82	12749.0	12380.0	13265.0	14209.0	14391.0	14583.0	14656.0	15124.0	15456.0	16703.0	16062.0	14516.0	18801.0	21301.0	25171.0	29866.0	32269.0	35918.0	42077.0	44484.0	46774.0	48063.0	50434.0	119859.0	2947584.0
fastQC | 83	26343.0	25593.0	27573.0	29290.0	30908.0	30398.0	29932.0	31710.0	32943.0	35683.0	34118.0	32464.0	39872.0	45780.0	53054.0	61852.0	67762.0	74584.0	87461.0	92028.0	96611.0	99886.0	106942.0	256861.0	6717924.0
fastQC | 84	32133.0	30590.0	32793.0	34618.0	36356.0	36956.0	36777.0	37289.0	38968.0	42043.0	39907.0	37381.0	47096.0	54225.0	64110.0	74496.0	81387.0	91861.0	106109.0	113368.0	118194.0	123024.0	128928.0	310833.0	8055200.0
fastQC | 85	21842.0	21340.0	22813.0	24314.0	25668.0	25696.0	25621.0	26530.0	27973.0	30388.0	29189.0	26924.0	34403.0	39636.0	47148.0	54009.0	59056.0	66805.0	77552.0	82366.0	86604.0	89626.0	94645.0	227355.0	5894253.0
fastQC | 86	2215.0	2213.0	2493.0	2565.0	2660.0	2694.0	2742.0	2839.0	2943.0	3217.0	3119.0	2906.0	3488.0	4182.0	4889.0	5958.0	6542.0	7323.0	8928.0	9468.0	9950.0	10447.0	11069.0	26997.0	770948.0
fastQC | 87	25956.0	25798.0	27783.0	28956.0	30656.0	31640.0	31701.0	32601.0	34199.0	37126.0	35075.0	32447.0	41354.0	48749.0	58997.0	68088.0	74042.0	85464.0	101179.0	107444.0	113071.0	117279.0	122293.0	299520.0	7607358.0
fastQC | 88	19794.0	18809.0	20439.0	21151.0	22439.0	22437.0	21840.0	22332.0	22793.0	25098.0	24175.0	22244.0	27980.0	31944.0	37634.0	43168.0	48074.0	53959.0	61874.0	65403.0	68665.0	71255.0	75930.0	183228.0	4766206.0
fastQC | 89	10300.0	10195.0	11134.0	11537.0	12534.0	12609.0	12422.0	13052.0	13385.0	14996.0	14192.0	13292.0	16210.0	18827.0	21890.0	25705.0	27539.0	30952.0	35857.0	38027.0	39983.0	41515.0	44194.0	106984.0	2853680.0
fastQC | 9	5211.0	5145.0	5390.0	5941.0	6230.0	6361.0	6375.0	6388.0	6716.0	7489.0	7212.0	6720.0	8066.0	9445.0	10960.0	12702.0	13823.0	15690.0	18037.0	19029.0	20395.0	20865.0	22174.0	54019.0	1551034.0
fastQC | 90	11913.0	12429.0	13693.0	14287.0	15486.0	15332.0	15117.0	15772.0	16211.0	18222.0	17450.0	16745.0	20552.0	23733.0	28267.0	32998.0	35847.0	40956.0	47678.0	51288.0	54299.0	56308.0	60757.0	149387.0	4325387.0
fastQC | 91	4887.0	5034.0	5407.0	5628.0	5859.0	5932.0	5820.0	6184.0	6179.0	6998.0	6807.0	6515.0	8029.0	8795.0	10541.0	12232.0	13492.0	15157.0	17666.0	19271.0	19870.0	20186.0	22085.0	52733.0	1514597.0
fastQC | 92	2427.0	2409.0	2552.0	2737.0	2837.0	2931.0	2837.0	3087.0	3130.0	3545.0	3277.0	2982.0	3951.0	4511.0	5475.0	6511.0	7009.0	7901.0	9697.0	10618.0	11203.0	11391.0	12469.0	29895.0	872622.0
fastQC | 93	3822.0	3803.0	4093.0	4339.0	4512.0	4649.0	4592.0	4803.0	5052.0	5358.0	5333.0	4880.0	6211.0	6927.0	8375.0	9760.0	10634.0	11899.0	13796.0	15020.0	15645.0	16219.0	17414.0	40920.0	1118432.0
fastQC | 94	4021.0	4160.0	4625.0	4985.0	5356.0	5492.0	5445.0	5564.0	5679.0	6398.0	6177.0	6001.0	7626.0	8486.0	10089.0	11762.0	12616.0	14332.0	16439.0	17896.0	19230.0	19367.0	20808.0	50825.0	1427037.0
fastQC | 95	13042.0	12752.0	13629.0	14780.0	15547.0	15273.0	15631.0	15570.0	15986.0	17425.0	16735.0	16369.0	19452.0	21708.0	25522.0	29749.0	32303.0	35967.0	40880.0	43015.0	45454.0	47291.0	50162.0	119896.0	3037760.0
fastQC | 96	3899.0	3930.0	4385.0	4636.0	4956.0	5010.0	4839.0	5076.0	5324.0	5908.0	5598.0	5329.0	6515.0	7273.0	8719.0	9938.0	11051.0	12674.0	14697.0	15714.0	16585.0	17273.0	18256.0	44347.0	1256923.0
fastQC | 97	10228.0	10594.0	11917.0	12417.0	13724.0	13662.0	13660.0	14528.0	14989.0	16676.0	16053.0	15159.0	18989.0	22006.0	26392.0	30474.0	33340.0	37875.0	45651.0	49226.0	53313.0	54153.0	57877.0	145440.0	4416317.0
fastQC | 98	35418.0	34189.0	36678.0	39493.0	40707.0	41206.0	40989.0	42292.0	43183.0	46367.0	44215.0	40435.0	52108.0	60411.0	72123.0	83754.0	90249.0	101429.0	118724.0	124989.0	130890.0	135973.0	142598.0	346410.0	8730506.0
fastQC | 99	19755.0	19406.0	21005.0	22177.0	23148.0	23343.0	23145.0	23660.0	24627.0	27026.0	25971.0	23685.0	30018.0	34354.0	40434.0	46347.0	50639.0	57462.0	66688.0	71174.0	75343.0	77801.0	82648.0	200117.0	5209471.0
