	19.0	20.0	21.0	22.0	23.0	24.0	25.0	26.0	27.0	28.0	29.0	30.0	31.0	32.0	33.0	34.0	35.0	36.0	37.0	38.0	39.0	40.0	41.0
fastQC | 1	1.0	41.0	277.0	846.0	1776.0	3167.0	5537.0	9559.0	15783.0	24050.0	32862.0	43081.0	53685.0	63398.0	73536.0	84269.0	97485.0	113917.0	140289.0	193410.0	324672.0	585301.0	3252.0
	20.0	21.0	22.0	23.0	24.0	25.0	26.0	27.0	28.0	29.0	30.0	31.0	32.0	33.0	34.0	35.0	36.0	37.0	38.0	39.0	40.0	41.0
fastQC | 10	53.0	340.0	984.0	2167.0	4339.0	7701.0	13504.0	22932.0	35996.0	51945.0	70144.0	90243.0	111003.0	134949.0	161825.0	193023.0	232823.0	292005.0	402843.0	673914.0	2111547.0	130403.0
	20.0	21.0	22.0	23.0	24.0	25.0	26.0	27.0	28.0	29.0	30.0	31.0	32.0	33.0	34.0	35.0	36.0	37.0	38.0	39.0	40.0	41.0
fastQC | 100	80.0	534.0	1576.0	3532.0	6568.0	11417.0	19248.0	30912.0	47383.0	67538.0	89576.0	114754.0	141564.0	170889.0	202773.0	238486.0	283098.0	349167.0	470109.0	749302.0	2079289.0	134625.0
	20.0	21.0	22.0	23.0	24.0	25.0	26.0	27.0	28.0	29.0	30.0	31.0	32.0	33.0	34.0	35.0	36.0	37.0	38.0	39.0	40.0	41.0
fastQC | 101	197.0	1424.0	4248.0	9199.0	16214.0	27644.0	44202.0	68836.0	101471.0	139312.0	182895.0	228620.0	279320.0	331234.0	389168.0	451506.0	527622.0	641674.0	842885.0	1290041.0	3322685.0	184202.0
	19.0	20.0	21.0	22.0	23.0	24.0	25.0	26.0	27.0	28.0	29.0	30.0	31.0	32.0	33.0	34.0	35.0	36.0	37.0	38.0	39.0	40.0	41.0
fastQC | 102	2.0	106.0	807.0	2327.0	5000.0	8945.0	15165.0	24569.0	37818.0	56270.0	79389.0	104306.0	132906.0	161757.0	192602.0	227480.0	266526.0	314437.0	384417.0	513301.0	799629.0	2179528.0	151268.0
	20.0	21.0	22.0	23.0	24.0	25.0	26.0	27.0	28.0	29.0	30.0	31.0	32.0	33.0	34.0	35.0	36.0	37.0	38.0	39.0	40.0	41.0
fastQC | 103	215.0	1378.0	4061.0	9035.0	16161.0	27293.0	44309.0	69856.0	103836.0	143812.0	190862.0	240467.0	293415.0	350457.0	412496.0	482332.0	567912.0	694350.0	920400.0	1432086.0	3840776.0	249705.0
	19.0	20.0	21.0	22.0	23.0	24.0	25.0	26.0	27.0	28.0	29.0	30.0	31.0	32.0	33.0	34.0	35.0	36.0	37.0	38.0	39.0	40.0	41.0
fastQC | 104	1.0	171.0	1171.0	3385.0	7332.0	13214.0	21318.0	34658.0	53907.0	79694.0	111250.0	146585.0	184830.0	225331.0	268097.0	314289.0	368993.0	433970.0	534137.0	711520.0	1119610.0	3051665.0	204626.0
	20.0	21.0	22.0	23.0	24.0	25.0	26.0	27.0	28.0	29.0	30.0	31.0	32.0	33.0	34.0	35.0	36.0	37.0	38.0	39.0	40.0	41.0
fastQC | 105	27.0	190.0	522.0	1146.0	2108.0	3692.0	6153.0	9668.0	14730.0	20684.0	26888.0	34082.0	40667.0	48196.0	56087.0	64546.0	76207.0	93505.0	125673.0	207494.0	448058.0	5639.0
	19.0	20.0	21.0	22.0	23.0	24.0	25.0	26.0	27.0	28.0	29.0	30.0	31.0	32.0	33.0	34.0	35.0	36.0	37.0	38.0	39.0	40.0	41.0
fastQC | 106	1.0	25.0	180.0	600.0	1283.0	2235.0	3740.0	6014.0	9502.0	14024.0	19258.0	25012.0	30756.0	36664.0	42711.0	49301.0	56841.0	66438.0	81305.0	109011.0	174647.0	351488.0	4019.0
	20.0	21.0	22.0	23.0	24.0	25.0	26.0	27.0	28.0	29.0	30.0	31.0	32.0	33.0	34.0	35.0	36.0	37.0	38.0	39.0	40.0	41.0
fastQC | 107	31.0	210.0	566.0	1189.0	2143.0	3664.0	6060.0	9759.0	14417.0	20115.0	26554.0	33147.0	39574.0	46423.0	53906.0	61985.0	73198.0	89393.0	120752.0	199592.0	423883.0	5171.0
	19.0	20.0	21.0	22.0	23.0	24.0	25.0	26.0	27.0	28.0	29.0	30.0	31.0	32.0	33.0	34.0	35.0	36.0	37.0	38.0	39.0	40.0	41.0
fastQC | 108	2.0	172.0	1269.0	4228.0	8726.0	16257.0	28317.0	48148.0	78258.0	120336.0	169379.0	221195.0	276441.0	332744.0	391731.0	454849.0	528933.0	623841.0	770132.0	1046788.0	1737595.0	3669640.0	43964.0
	20.0	21.0	22.0	23.0	24.0	25.0	26.0	27.0	28.0	29.0	30.0	31.0	32.0	33.0	34.0	35.0	36.0	37.0	38.0	39.0	40.0	41.0
fastQC | 109	42.0	329.0	977.0	1994.0	3693.0	5859.0	9465.0	14569.0	20984.0	28430.0	36009.0	42829.0	50516.0	58044.0	66426.0	75827.0	87868.0	106346.0	142032.0	226720.0	451126.0	5072.0
	20.0	21.0	22.0	23.0	24.0	25.0	26.0	27.0	28.0	29.0	30.0	31.0	32.0	33.0	34.0	35.0	36.0	37.0	38.0	39.0	40.0	41.0
fastQC | 11	28.0	195.0	585.0	1284.0	2252.0	3680.0	5738.0	8948.0	13631.0	18872.0	25007.0	31377.0	38667.0	46254.0	54155.0	63361.0	76280.0	92846.0	124892.0	199879.0	570378.0	40754.0
	20.0	21.0	22.0	23.0	24.0	25.0	26.0	27.0	28.0	29.0	30.0	31.0	32.0	33.0	34.0	35.0	36.0	37.0	38.0	39.0	40.0	41.0
fastQC | 110	26.0	131.0	425.0	947.0	1693.0	3039.0	5068.0	8164.0	12297.0	17230.0	22586.0	27965.0	33786.0	39386.0	46319.0	54022.0	62547.0	76917.0	104079.0	170491.0	371610.0	4775.0
	20.0	21.0	22.0	23.0	24.0	25.0	26.0	27.0	28.0	29.0	30.0	31.0	32.0	33.0	34.0	35.0	36.0	37.0	38.0	39.0	40.0	41.0
fastQC | 111	55.0	258.0	786.0	1623.0	2857.0	4960.0	8409.0	13211.0	19531.0	27139.0	34632.0	42958.0	51042.0	59279.0	68693.0	78963.0	92423.0	111943.0	150903.0	243809.0	484938.0	5338.0
	19.0	20.0	21.0	22.0	23.0	24.0	25.0	26.0	27.0	28.0	29.0	30.0	31.0	32.0	33.0	34.0	35.0	36.0	37.0	38.0	39.0	40.0	41.0
fastQC | 112	1.0	50.0	331.0	996.0	2181.0	3891.0	6435.0	10627.0	16698.0	24697.0	34522.0	44729.0	54771.0	65711.0	76992.0	88832.0	102224.0	119851.0	146673.0	198097.0	324784.0	652421.0	7228.0
	19.0	20.0	21.0	22.0	23.0	24.0	25.0	26.0	27.0	28.0	29.0	30.0	31.0	32.0	33.0	34.0	35.0	36.0	37.0	38.0	39.0	40.0	41.0
fastQC | 113	3.0	132.0	792.0	2489.0	5356.0	9497.0	16304.0	26501.0	41692.0	62600.0	88218.0	116505.0	148636.0	182047.0	217274.0	255706.0	299933.0	353308.0	431703.0	573705.0	880608.0	2290393.0	154932.0
	19.0	20.0	21.0	22.0	23.0	24.0	25.0	26.0	27.0	28.0	29.0	30.0	31.0	32.0	33.0	34.0	35.0	36.0	37.0	38.0	39.0	40.0	41.0
fastQC | 114	1.0	220.0	1556.0	4783.0	10308.0	19393.0	33898.0	57500.0	93745.0	144391.0	208065.0	280044.0	358954.0	443291.0	533183.0	631344.0	741162.0	881873.0	1088587.0	1467861.0	2324019.0	6164775.0	398361.0
	19.0	20.0	21.0	22.0	23.0	24.0	25.0	26.0	27.0	28.0	29.0	30.0	31.0	32.0	33.0	34.0	35.0	36.0	37.0	38.0	39.0	40.0	41.0
fastQC | 115	2.0	130.0	819.0	2337.0	5096.0	9533.0	16819.0	28523.0	46212.0	70804.0	101378.0	136348.0	174450.0	216601.0	258419.0	305759.0	358933.0	425417.0	524338.0	699845.0	1104771.0	2936182.0	189692.0
	19.0	20.0	21.0	22.0	23.0	24.0	25.0	26.0	27.0	28.0	29.0	30.0	31.0	32.0	33.0	34.0	35.0	36.0	37.0	38.0	39.0	40.0	41.0
fastQC | 116	2.0	141.0	935.0	2982.0	6653.0	12322.0	21972.0	38148.0	63064.0	98164.0	141949.0	192650.0	249188.0	310789.0	378161.0	452056.0	536564.0	642497.0	799538.0	1088392.0	1759094.0	4815092.0	312567.0
	19.0	20.0	21.0	22.0	23.0	24.0	25.0	26.0	27.0	28.0	29.0	30.0	31.0	32.0	33.0	34.0	35.0	36.0	37.0	38.0	39.0	40.0	41.0
fastQC | 117	1.0	99.0	748.0	2259.0	4861.0	8630.0	14596.0	23719.0	38324.0	56709.0	79582.0	105525.0	133033.0	163454.0	195096.0	229821.0	267895.0	314907.0	384516.0	506517.0	779915.0	1985588.0	120769.0
	19.0	20.0	21.0	22.0	23.0	24.0	25.0	26.0	27.0	28.0	29.0	30.0	31.0	32.0	33.0	34.0	35.0	36.0	37.0	38.0	39.0	40.0	41.0
fastQC | 118	1.0	102.0	758.0	2300.0	5160.0	9517.0	16379.0	27977.0	46054.0	71199.0	103040.0	139600.0	181157.0	225733.0	275219.0	327479.0	389458.0	462005.0	570989.0	767081.0	1210293.0	3262044.0	221990.0
	19.0	20.0	21.0	22.0	23.0	24.0	25.0	26.0	27.0	28.0	29.0	30.0	31.0	32.0	33.0	34.0	35.0	36.0	37.0	38.0	39.0	40.0	41.0
fastQC | 119	5.0	306.0	2108.0	6308.0	13735.0	24812.0	43223.0	71380.0	116114.0	177905.0	254191.0	344563.0	441809.0	547747.0	660878.0	786326.0	924855.0	1101497.0	1363770.0	1842434.0	2940015.0	8060235.0	561179.0
	20.0	21.0	22.0	23.0	24.0	25.0	26.0	27.0	28.0	29.0	30.0	31.0	32.0	33.0	34.0	35.0	36.0	37.0	38.0	39.0	40.0	41.0
fastQC | 12	45.0	311.0	854.0	1805.0	3097.0	5301.0	8438.0	12966.0	19390.0	26957.0	35787.0	45011.0	55122.0	66011.0	77674.0	91136.0	108168.0	134015.0	179289.0	283352.0	792971.0	55422.0
	19.0	20.0	21.0	22.0	23.0	24.0	25.0	26.0	27.0	28.0	29.0	30.0	31.0	32.0	33.0	34.0	35.0	36.0	37.0	38.0	39.0	40.0	41.0
fastQC | 120	2.0	181.0	1388.0	4177.0	9109.0	17351.0	30224.0	50821.0	82867.0	127660.0	182639.0	246241.0	315476.0	389029.0	470438.0	558120.0	656622.0	777765.0	957771.0	1282326.0	2033497.0	5389193.0	344373.0
	20.0	21.0	22.0	23.0	24.0	25.0	26.0	27.0	28.0	29.0	30.0	31.0	32.0	33.0	34.0	35.0	36.0	37.0	38.0	39.0	40.0	41.0
fastQC | 121	31.0	230.0	715.0	1460.0	2680.0	4311.0	7016.0	10633.0	16037.0	22484.0	29845.0	38411.0	47664.0	56299.0	67256.0	79641.0	95271.0	118914.0	161144.0	256353.0	704086.0	51246.0
	20.0	21.0	22.0	23.0	24.0	25.0	26.0	27.0	28.0	29.0	30.0	31.0	32.0	33.0	34.0	35.0	36.0	37.0	38.0	39.0	40.0	41.0
fastQC | 122	29.0	206.0	679.0	1319.0	2258.0	3698.0	5830.0	8860.0	13051.0	17645.0	23004.0	29265.0	35678.0	43545.0	50511.0	59392.0	70807.0	86489.0	116465.0	180791.0	484781.0	33857.0
	20.0	21.0	22.0	23.0	24.0	25.0	26.0	27.0	28.0	29.0	30.0	31.0	32.0	33.0	34.0	35.0	36.0	37.0	38.0	39.0	40.0	41.0
fastQC | 123	37.0	337.0	1072.0	2386.0	4725.0	8302.0	14147.0	23180.0	35810.0	51257.0	68298.0	87631.0	106690.0	129407.0	153695.0	181234.0	214626.0	264266.0	356461.0	558706.0	1460011.0	84978.0
	19.0	20.0	21.0	22.0	23.0	24.0	25.0	26.0	27.0	28.0	29.0	30.0	31.0	32.0	33.0	34.0	35.0	36.0	37.0	38.0	39.0	40.0	41.0
fastQC | 124	2.0	73.0	523.0	1534.0	3217.0	5808.0	9772.0	16328.0	25747.0	38016.0	52335.0	68453.0	86103.0	104527.0	124145.0	146208.0	169533.0	199282.0	240763.0	315314.0	479496.0	1217437.0	68882.0
	19.0	20.0	21.0	22.0	23.0	24.0	25.0	26.0	27.0	28.0	29.0	30.0	31.0	32.0	33.0	34.0	35.0	36.0	37.0	38.0	39.0	40.0	41.0
fastQC | 125	1.0	41.0	301.0	890.0	1732.0	2963.0	5030.0	7605.0	11486.0	16785.0	22022.0	28160.0	35336.0	42014.0	49687.0	57456.0	66189.0	76732.0	90285.0	116997.0	175425.0	451997.0	25837.0
	19.0	20.0	21.0	22.0	23.0	24.0	25.0	26.0	27.0	28.0	29.0	30.0	31.0	32.0	33.0	34.0	35.0	36.0	37.0	38.0	39.0	40.0	41.0
fastQC | 126	1.0	171.0	1067.0	3193.0	6671.0	12285.0	20323.0	32976.0	51345.0	75518.0	104665.0	136870.0	172273.0	209633.0	251106.0	294678.0	344833.0	403894.0	486929.0	639282.0	976237.0	2542690.0	145796.0
	20.0	21.0	22.0	23.0	24.0	25.0	26.0	27.0	28.0	29.0	30.0	31.0	32.0	33.0	34.0	35.0	36.0	37.0	38.0	39.0	40.0	41.0
fastQC | 127	104.0	771.0	2309.0	4976.0	9118.0	15767.0	25742.0	40670.0	60517.0	84580.0	111454.0	139930.0	169814.0	203638.0	239646.0	279871.0	329433.0	400894.0	526113.0	807333.0	2049217.0	113279.0
	19.0	20.0	21.0	22.0	23.0	24.0	25.0	26.0	27.0	28.0	29.0	30.0	31.0	32.0	33.0	34.0	35.0	36.0	37.0	38.0	39.0	40.0	41.0
fastQC | 128	2.0	85.0	560.0	1753.0	3673.0	6883.0	11839.0	18824.0	29723.0	44235.0	61530.0	81250.0	101949.0	124169.0	148482.0	173349.0	202621.0	237573.0	287805.0	375102.0	557998.0	1380231.0	73918.0
	19.0	20.0	21.0	22.0	23.0	24.0	25.0	26.0	27.0	28.0	29.0	30.0	31.0	32.0	33.0	34.0	35.0	36.0	37.0	38.0	39.0	40.0	41.0
fastQC | 129	1.0	163.0	962.0	2549.0	5154.0	8321.0	13498.0	21272.0	32325.0	46982.0	65120.0	84657.0	106726.0	128920.0	153669.0	179884.0	210213.0	244595.0	297940.0	389207.0	596069.0	1592426.0	111513.0
	19.0	20.0	21.0	22.0	23.0	24.0	25.0	26.0	27.0	28.0	29.0	30.0	31.0	32.0	33.0	34.0	35.0	36.0	37.0	38.0	39.0	40.0	41.0
fastQC | 13	1.0	148.0	966.0	2882.0	6029.0	10530.0	17244.0	27394.0	41478.0	60842.0	84441.0	110904.0	138312.0	169088.0	200972.0	235241.0	274835.0	325898.0	401411.0	534828.0	834264.0	2273303.0	157622.0
	19.0	20.0	21.0	22.0	23.0	24.0	25.0	26.0	27.0	28.0	29.0	30.0	31.0	32.0	33.0	34.0	35.0	36.0	37.0	38.0	39.0	40.0	41.0
fastQC | 130	1.0	149.0	951.0	2573.0	5460.0	9823.0	16567.0	26907.0	42058.0	61948.0	84932.0	110164.0	137661.0	167691.0	198451.0	232881.0	271037.0	319381.0	388703.0	507475.0	753208.0	1800220.0	87260.0
	20.0	21.0	22.0	23.0	24.0	25.0	26.0	27.0	28.0	29.0	30.0	31.0	32.0	33.0	34.0	35.0	36.0	37.0	38.0	39.0	40.0	41.0
fastQC | 131	20.0	152.0	448.0	974.0	1654.0	2788.0	4469.0	6875.0	10212.0	14037.0	18574.0	23499.0	28727.0	33907.0	40224.0	46254.0	54457.0	66391.0	87466.0	136158.0	366695.0	25409.0
	19.0	20.0	21.0	22.0	23.0	24.0	25.0	26.0	27.0	28.0	29.0	30.0	31.0	32.0	33.0	34.0	35.0	36.0	37.0	38.0	39.0	40.0	41.0
fastQC | 132	2.0	68.0	481.0	1308.0	2873.0	5204.0	8719.0	14045.0	22216.0	33254.0	46162.0	60572.0	76908.0	93441.0	110984.0	130550.0	152564.0	179690.0	219559.0	292252.0	454321.0	1209642.0	79362.0
	20.0	21.0	22.0	23.0	24.0	25.0	26.0	27.0	28.0	29.0	30.0	31.0	32.0	33.0	34.0	35.0	36.0	37.0	38.0	39.0	40.0	41.0
fastQC | 133	23.0	248.0	746.0	1695.0	3308.0	6136.0	10406.0	17405.0	27124.0	38944.0	53332.0	67997.0	85014.0	102617.0	122932.0	146043.0	174407.0	217172.0	297380.0	491046.0	1409090.0	97922.0
	19.0	20.0	21.0	22.0	23.0	24.0	25.0	26.0	27.0	28.0	29.0	30.0	31.0	32.0	33.0	34.0	35.0	36.0	37.0	38.0	39.0	40.0	41.0
fastQC | 134	1.0	68.0	416.0	1329.0	2893.0	5451.0	9379.0	15703.0	24907.0	37957.0	53702.0	71463.0	90514.0	110873.0	134083.0	158079.0	185955.0	218991.0	269151.0	359743.0	565162.0	1498700.0	88920.0
	19.0	20.0	21.0	22.0	23.0	24.0	25.0	26.0	27.0	28.0	29.0	30.0	31.0	32.0	33.0	34.0	35.0	36.0	37.0	38.0	39.0	40.0	41.0
fastQC | 135	1.0	80.0	510.0	1488.0	3346.0	5962.0	10246.0	16946.0	26375.0	39101.0	55510.0	73178.0	92633.0	114040.0	136256.0	159189.0	186456.0	220432.0	269453.0	358145.0	557249.0	1470619.0	89855.0
	20.0	21.0	22.0	23.0	24.0	25.0	26.0	27.0	28.0	29.0	30.0	31.0	32.0	33.0	34.0	35.0	36.0	37.0	38.0	39.0	40.0	41.0
fastQC | 136	44.0	272.0	860.0	2019.0	3620.0	6403.0	10580.0	17061.0	25628.0	37275.0	49825.0	64126.0	78385.0	95033.0	112896.0	132016.0	154887.0	188841.0	249593.0	386855.0	1036772.0	65979.0
	20.0	21.0	22.0	23.0	24.0	25.0	26.0	27.0	28.0	29.0	30.0	31.0	32.0	33.0	34.0	35.0	36.0	37.0	38.0	39.0	40.0	41.0
fastQC | 137	21.0	139.0	391.0	807.0	1555.0	2450.0	3994.0	6061.0	9128.0	12304.0	16576.0	20530.0	24573.0	29748.0	34907.0	39993.0	46945.0	57535.0	74719.0	114054.0	304122.0	21045.0
	19.0	20.0	21.0	22.0	23.0	24.0	25.0	26.0	27.0	28.0	29.0	30.0	31.0	32.0	33.0	34.0	35.0	36.0	37.0	38.0	39.0	40.0	41.0
fastQC | 138	1.0	51.0	342.0	1042.0	2262.0	4231.0	7118.0	11717.0	19039.0	28705.0	40794.0	54742.0	69519.0	86114.0	103043.0	123489.0	144178.0	170878.0	208461.0	277606.0	436110.0	1158301.0	70781.0
	20.0	21.0	22.0	23.0	24.0	25.0	26.0	27.0	28.0	29.0	30.0	31.0	32.0	33.0	34.0	35.0	36.0	37.0	38.0	39.0	40.0	41.0
fastQC | 139	47.0	320.0	963.0	2252.0	4128.0	7371.0	13232.0	21730.0	33643.0	47871.0	63198.0	77866.0	93771.0	109261.0	126997.0	146883.0	172839.0	214082.0	295890.0	513177.0	1076996.0	7751.0
	20.0	21.0	22.0	23.0	24.0	25.0	26.0	27.0	28.0	29.0	30.0	31.0	32.0	33.0	34.0	35.0	36.0	37.0	38.0	39.0	40.0	41.0
fastQC | 14	24.0	174.0	523.0	1119.0	2011.0	3311.0	5451.0	8378.0	12567.0	17774.0	23462.0	30069.0	37001.0	44299.0	51800.0	61973.0	73555.0	90731.0	121986.0	190746.0	534155.0	39396.0
	20.0	21.0	22.0	23.0	24.0	25.0	26.0	27.0	28.0	29.0	30.0	31.0	32.0	33.0	34.0	35.0	36.0	37.0	38.0	39.0	40.0	41.0
fastQC | 140	48.0	287.0	915.0	1971.0	3703.0	6727.0	11638.0	19245.0	29880.0	41976.0	54920.0	67645.0	80022.0	93795.0	107571.0	124301.0	146454.0	180477.0	248294.0	427492.0	849389.0	5026.0
	20.0	21.0	22.0	23.0	24.0	25.0	26.0	27.0	28.0	29.0	30.0	31.0	32.0	33.0	34.0	35.0	36.0	37.0	38.0	39.0	40.0	41.0
fastQC | 141	44.0	277.0	777.0	1845.0	3354.0	6133.0	10684.0	18187.0	28020.0	39747.0	53064.0	65042.0	77383.0	90043.0	105318.0	121337.0	143793.0	177560.0	246225.0	428670.0	887743.0	6052.0
	20.0	21.0	22.0	23.0	24.0	25.0	26.0	27.0	28.0	29.0	30.0	31.0	32.0	33.0	34.0	35.0	36.0	37.0	38.0	39.0	40.0	41.0
fastQC | 142	38.0	235.0	790.0	1765.0	3313.0	6150.0	11098.0	18805.0	29253.0	41994.0	54988.0	68723.0	82298.0	96571.0	111115.0	129310.0	152693.0	189462.0	261983.0	457925.0	944513.0	6168.0
	20.0	21.0	22.0	23.0	24.0	25.0	26.0	27.0	28.0	29.0	30.0	31.0	32.0	33.0	34.0	35.0	36.0	37.0	38.0	39.0	40.0	41.0
fastQC | 143	52.0	292.0	927.0	1931.0	3733.0	6537.0	11268.0	18366.0	28334.0	40263.0	52729.0	65290.0	78111.0	91713.0	105850.0	121668.0	143518.0	176957.0	246310.0	424840.0	815327.0	4194.0
	20.0	21.0	22.0	23.0	24.0	25.0	26.0	27.0	28.0	29.0	30.0	31.0	32.0	33.0	34.0	35.0	36.0	37.0	38.0	39.0	40.0	41.0
fastQC | 144	38.0	262.0	743.0	1610.0	3064.0	5572.0	9781.0	16191.0	25323.0	36036.0	47627.0	59080.0	70951.0	83355.0	96411.0	111979.0	131689.0	162274.0	224318.0	386223.0	762283.0	4520.0
	20.0	21.0	22.0	23.0	24.0	25.0	26.0	27.0	28.0	29.0	30.0	31.0	32.0	33.0	34.0	35.0	36.0	37.0	38.0	39.0	40.0	41.0
fastQC | 145	82.0	574.0	1732.0	3643.0	6692.0	11815.0	20097.0	32795.0	50191.0	70994.0	93032.0	115182.0	137976.0	160373.0	185133.0	214308.0	252203.0	312227.0	430357.0	739257.0	1448191.0	8551.0
	19.0	20.0	21.0	22.0	23.0	24.0	25.0	26.0	27.0	28.0	29.0	30.0	31.0	32.0	33.0	34.0	35.0	36.0	37.0	38.0	39.0	40.0	41.0
fastQC | 146	1.0	59.0	377.0	1095.0	2392.0	4492.0	8307.0	14631.0	23905.0	36962.0	51841.0	67777.0	83329.0	98891.0	115477.0	132584.0	153713.0	181199.0	224115.0	308811.0	534313.0	1095304.0	7670.0
	20.0	21.0	22.0	23.0	24.0	25.0	26.0	27.0	28.0	29.0	30.0	31.0	32.0	33.0	34.0	35.0	36.0	37.0	38.0	39.0	40.0	41.0
fastQC | 147	39.0	209.0	665.0	1519.0	2925.0	5393.0	8926.0	14885.0	23098.0	32321.0	42783.0	54083.0	66393.0	79804.0	93838.0	110392.0	130140.0	161229.0	217987.0	355695.0	1006316.0	49600.0
	20.0	21.0	22.0	23.0	24.0	25.0	26.0	27.0	28.0	29.0	30.0	31.0	32.0	33.0	34.0	35.0	36.0	37.0	38.0	39.0	40.0	41.0
fastQC | 148	27.0	193.0	541.0	1245.0	2421.0	4892.0	8642.0	15032.0	23522.0	33978.0	45538.0	57926.0	71398.0	86229.0	101780.0	120476.0	143276.0	177344.0	241138.0	401997.0	1187911.0	59840.0
	20.0	21.0	22.0	23.0	24.0	25.0	26.0	27.0	28.0	29.0	30.0	31.0	32.0	33.0	34.0	35.0	36.0	37.0	38.0	39.0	40.0	41.0
fastQC | 149	37.0	209.0	627.0	1336.0	2555.0	4658.0	7752.0	12830.0	19173.0	27550.0	36468.0	45224.0	55458.0	65467.0	77521.0	91122.0	107528.0	133103.0	178718.0	290491.0	795737.0	37842.0
	20.0	21.0	22.0	23.0	24.0	25.0	26.0	27.0	28.0	29.0	30.0	31.0	32.0	33.0	34.0	35.0	36.0	37.0	38.0	39.0	40.0	41.0
fastQC | 15	18.0	158.0	476.0	1047.0	2218.0	4149.0	7572.0	13110.0	21124.0	31371.0	42806.0	55542.0	69344.0	84164.0	100830.0	119712.0	143394.0	177926.0	244386.0	409288.0	1256919.0	92250.0
	19.0	20.0	21.0	22.0	23.0	24.0	25.0	26.0	27.0	28.0	29.0	30.0	31.0	32.0	33.0	34.0	35.0	36.0	37.0	38.0	39.0	40.0	41.0
fastQC | 150	1.0	28.0	244.0	721.0	1568.0	3140.0	5648.0	9358.0	15730.0	24169.0	34027.0	45514.0	57553.0	70547.0	84508.0	99274.0	117322.0	140035.0	171547.0	232534.0	379811.0	1075895.0	53284.0
	20.0	21.0	22.0	23.0	24.0	25.0	26.0	27.0	28.0	29.0	30.0	31.0	32.0	33.0	34.0	35.0	36.0	37.0	38.0	39.0	40.0	41.0
fastQC | 151	17.0	119.0	371.0	849.0	1620.0	2837.0	4852.0	8048.0	12212.0	17173.0	22905.0	28741.0	35172.0	42446.0	49858.0	58972.0	69908.0	85008.0	114974.0	185024.0	506257.0	24672.0
	19.0	20.0	21.0	22.0	23.0	24.0	25.0	26.0	27.0	28.0	29.0	30.0	31.0	32.0	33.0	34.0	35.0	36.0	37.0	38.0	39.0	40.0	41.0
fastQC | 152	1.0	35.0	218.0	635.0	1355.0	2635.0	4706.0	8301.0	13988.0	21672.0	31311.0	41804.0	53927.0	66096.0	79737.0	95315.0	111901.0	134355.0	166223.0	225964.0	372830.0	1066503.0	54870.0
	20.0	21.0	22.0	23.0	24.0	25.0	26.0	27.0	28.0	29.0	30.0	31.0	32.0	33.0	34.0	35.0	36.0	37.0	38.0	39.0	40.0	41.0
fastQC | 153	60.0	358.0	1040.0	2514.0	4696.0	8592.0	14994.0	24622.0	38426.0	55382.0	74145.0	92907.0	113982.0	137071.0	161475.0	190688.0	227261.0	280313.0	381568.0	626951.0	1771892.0	89861.0
	20.0	21.0	22.0	23.0	24.0	25.0	26.0	27.0	28.0	29.0	30.0	31.0	32.0	33.0	34.0	35.0	36.0	37.0	38.0	39.0	40.0	41.0
fastQC | 154	13.0	88.0	257.0	541.0	1122.0	1888.0	3533.0	5841.0	8957.0	12796.0	17134.0	22124.0	27205.0	32817.0	39119.0	46145.0	54983.0	67584.0	91092.0	149601.0	439544.0	21980.0
	19.0	20.0	21.0	22.0	23.0	24.0	25.0	26.0	27.0	28.0	29.0	30.0	31.0	32.0	33.0	34.0	35.0	36.0	37.0	38.0	39.0	40.0	41.0
fastQC | 155	1.0	39.0	381.0	1114.0	2388.0	4327.0	7386.0	12086.0	19257.0	28924.0	40025.0	52686.0	66775.0	81270.0	96077.0	113675.0	133151.0	158780.0	194570.0	262233.0	416175.0	1119260.0	58617.0
	20.0	21.0	22.0	23.0	24.0	25.0	26.0	27.0	28.0	29.0	30.0	31.0	32.0	33.0	34.0	35.0	36.0	37.0	38.0	39.0	40.0	41.0
fastQC | 156	38.0	245.0	784.0	1722.0	3299.0	5667.0	9387.0	15401.0	22824.0	32049.0	41764.0	53182.0	64028.0	75548.0	88826.0	103098.0	121476.0	147797.0	197597.0	309756.0	778848.0	33948.0
	19.0	20.0	21.0	22.0	23.0	24.0	25.0	26.0	27.0	28.0	29.0	30.0	31.0	32.0	33.0	34.0	35.0	36.0	37.0	38.0	39.0	40.0	41.0
fastQC | 157	2.0	80.0	510.0	1478.0	3142.0	5519.0	9283.0	14684.0	22397.0	32373.0	44175.0	58119.0	72132.0	86874.0	102154.0	119632.0	139972.0	165218.0	202619.0	270479.0	424491.0	1122566.0	58021.0
	19.0	20.0	21.0	22.0	23.0	24.0	25.0	26.0	27.0	28.0	29.0	30.0	31.0	32.0	33.0	34.0	35.0	36.0	37.0	38.0	39.0	40.0	41.0
fastQC | 158	1.0	57.0	435.0	1281.0	2777.0	4861.0	7838.0	12611.0	19589.0	28703.0	39694.0	51695.0	64865.0	78730.0	93157.0	110026.0	129134.0	154163.0	189574.0	255234.0	400347.0	1088581.0	57299.0
	19.0	20.0	21.0	22.0	23.0	24.0	25.0	26.0	27.0	28.0	29.0	30.0	31.0	32.0	33.0	34.0	35.0	36.0	37.0	38.0	39.0	40.0	41.0
fastQC | 159	1.0	64.0	480.0	1328.0	2981.0	5199.0	8705.0	14124.0	21665.0	32391.0	44978.0	58355.0	72314.0	87253.0	103743.0	120849.0	141112.0	166422.0	204325.0	274853.0	436694.0	1148146.0	55335.0
	19.0	20.0	21.0	22.0	23.0	24.0	25.0	26.0	27.0	28.0	29.0	30.0	31.0	32.0	33.0	34.0	35.0	36.0	37.0	38.0	39.0	40.0	41.0
fastQC | 16	1.0	56.0	419.0	1356.0	2842.0	5187.0	9003.0	14443.0	23431.0	34810.0	48912.0	65833.0	83595.0	102838.0	123574.0	146612.0	171820.0	204231.0	252666.0	339130.0	538471.0	1492239.0	105211.0
	20.0	21.0	22.0	23.0	24.0	25.0	26.0	27.0	28.0	29.0	30.0	31.0	32.0	33.0	34.0	35.0	36.0	37.0	38.0	39.0	40.0	41.0
fastQC | 160	53.0	395.0	1098.0	2510.0	4500.0	7428.0	11742.0	18373.0	26890.0	37159.0	48991.0	61727.0	74710.0	89763.0	105148.0	122801.0	145677.0	179933.0	239368.0	374151.0	983856.0	51223.0
	19.0	20.0	21.0	22.0	23.0	24.0	25.0	26.0	27.0	28.0	29.0	30.0	31.0	32.0	33.0	34.0	35.0	36.0	37.0	38.0	39.0	40.0	41.0
fastQC | 161	1.0	42.0	324.0	1016.0	2198.0	4009.0	6873.0	11421.0	18199.0	27623.0	39089.0	51807.0	65798.0	80569.0	96618.0	114713.0	133938.0	159210.0	197273.0	266935.0	434237.0	1210406.0	64690.0
	20.0	21.0	22.0	23.0	24.0	25.0	26.0	27.0	28.0	29.0	30.0	31.0	32.0	33.0	34.0	35.0	36.0	37.0	38.0	39.0	40.0	41.0
fastQC | 162	45.0	326.0	1068.0	2046.0	3596.0	6068.0	9603.0	14678.0	21736.0	30113.0	38886.0	48817.0	59259.0	69872.0	81652.0	95577.0	113091.0	139297.0	187722.0	298878.0	806317.0	41421.0
	20.0	21.0	22.0	23.0	24.0	25.0	26.0	27.0	28.0	29.0	30.0	31.0	32.0	33.0	34.0	35.0	36.0	37.0	38.0	39.0	40.0	41.0
fastQC | 163	97.0	782.0	2505.0	5310.0	9610.0	16150.0	26263.0	42273.0	63437.0	89545.0	119036.0	151269.0	184913.0	221399.0	261108.0	307025.0	365846.0	453098.0	609803.0	988064.0	2879025.0	168404.0
	19.0	20.0	21.0	22.0	23.0	24.0	25.0	26.0	27.0	28.0	29.0	30.0	31.0	32.0	33.0	34.0	35.0	36.0	37.0	38.0	39.0	40.0	41.0
fastQC | 164	1.0	91.0	579.0	1713.0	3570.0	6639.0	11404.0	18927.0	30715.0	47075.0	66568.0	89257.0	113679.0	139597.0	167644.0	198557.0	234248.0	278485.0	344437.0	466062.0	757198.0	2170393.0	121027.0
	19.0	20.0	21.0	22.0	23.0	24.0	25.0	26.0	27.0	28.0	29.0	30.0	31.0	32.0	33.0	34.0	35.0	36.0	37.0	38.0	39.0	40.0	41.0
fastQC | 165	1.0	124.0	773.0	2191.0	4757.0	8573.0	14538.0	23350.0	37131.0	55467.0	78297.0	103239.0	130390.0	158662.0	188152.0	221114.0	259094.0	310307.0	383235.0	515100.0	827735.0	2356052.0	129017.0
	19.0	20.0	21.0	22.0	23.0	24.0	25.0	26.0	27.0	28.0	29.0	30.0	31.0	32.0	33.0	34.0	35.0	36.0	37.0	38.0	39.0	40.0	41.0
fastQC | 166	3.0	235.0	1599.0	5035.0	11092.0	20924.0	36299.0	61667.0	102189.0	158930.0	228064.0	307131.0	392503.0	483386.0	582761.0	690896.0	818076.0	983221.0	1228360.0	1677141.0	2774663.0	8279680.0	464442.0
	19.0	20.0	21.0	22.0	23.0	24.0	25.0	26.0	27.0	28.0	29.0	30.0	31.0	32.0	33.0	34.0	35.0	36.0	37.0	38.0	39.0	40.0	41.0
fastQC | 167	1.0	102.0	816.0	2425.0	5185.0	9390.0	15300.0	25099.0	39337.0	58377.0	82049.0	107929.0	135977.0	166083.0	197282.0	232407.0	274155.0	325458.0	402527.0	540664.0	871259.0	2436703.0	131520.0
	19.0	20.0	21.0	22.0	23.0	24.0	25.0	26.0	27.0	28.0	29.0	30.0	31.0	32.0	33.0	34.0	35.0	36.0	37.0	38.0	39.0	40.0	41.0
fastQC | 168	2.0	68.0	598.0	1731.0	3963.0	7413.0	12692.0	21246.0	35237.0	53192.0	76336.0	102220.0	129490.0	158639.0	191347.0	227161.0	269057.0	318936.0	395885.0	534484.0	868543.0	2497020.0	141304.0
	19.0	20.0	21.0	22.0	23.0	24.0	25.0	26.0	27.0	28.0	29.0	30.0	31.0	32.0	33.0	34.0	35.0	36.0	37.0	38.0	39.0	40.0	41.0
fastQC | 169	1.0	135.0	938.0	2669.0	5763.0	10275.0	16881.0	26867.0	42041.0	61018.0	84587.0	111618.0	140229.0	170094.0	202334.0	237585.0	278072.0	328082.0	403144.0	537521.0	844134.0	2309640.0	131527.0
	19.0	20.0	21.0	22.0	23.0	24.0	25.0	26.0	27.0	28.0	29.0	30.0	31.0	32.0	33.0	34.0	35.0	36.0	37.0	38.0	39.0	40.0	41.0
fastQC | 17	1.0	76.0	523.0	1446.0	3150.0	5968.0	10429.0	17553.0	28570.0	43032.0	61305.0	80879.0	102036.0	125049.0	149740.0	176899.0	207599.0	244533.0	295606.0	391330.0	599544.0	1520515.0	82200.0
	19.0	20.0	21.0	22.0	23.0	24.0	25.0	26.0	27.0	28.0	29.0	30.0	31.0	32.0	33.0	34.0	35.0	36.0	37.0	38.0	39.0	40.0	41.0
fastQC | 170	4.0	95.0	781.0	2336.0	4961.0	9024.0	14631.0	23944.0	37721.0	55828.0	78843.0	102988.0	130011.0	157815.0	188309.0	221247.0	259947.0	310041.0	383337.0	516491.0	830956.0	2331232.0	126721.0
	20.0	21.0	22.0	23.0	24.0	25.0	26.0	27.0	28.0	29.0	30.0	31.0	32.0	33.0	34.0	35.0	36.0	37.0	38.0	39.0	40.0	41.0
fastQC | 171	20.0	156.0	433.0	962.0	1959.0	3371.0	5767.0	9592.0	15011.0	21387.0	28985.0	36841.0	45078.0	53795.0	64217.0	75462.0	90605.0	113213.0	153703.0	256376.0	734804.0	38781.0
	19.0	20.0	21.0	22.0	23.0	24.0	25.0	26.0	27.0	28.0	29.0	30.0	31.0	32.0	33.0	34.0	35.0	36.0	37.0	38.0	39.0	40.0	41.0
fastQC | 172	2.0	132.0	910.0	2614.0	5378.0	9802.0	16039.0	25597.0	39774.0	58154.0	79893.0	105206.0	131537.0	159576.0	189491.0	221715.0	259706.0	304585.0	372868.0	495064.0	778074.0	2050419.0	104452.0
	20.0	21.0	22.0	23.0	24.0	25.0	26.0	27.0	28.0	29.0	30.0	31.0	32.0	33.0	34.0	35.0	36.0	37.0	38.0	39.0	40.0	41.0
fastQC | 173	90.0	671.0	1895.0	4035.0	7071.0	11380.0	18328.0	27895.0	42062.0	57325.0	76085.0	94591.0	114684.0	136406.0	158879.0	187718.0	222070.0	273361.0	368704.0	586027.0	1593222.0	83053.0
	19.0	20.0	21.0	22.0	23.0	24.0	25.0	26.0	27.0	28.0	29.0	30.0	31.0	32.0	33.0	34.0	35.0	36.0	37.0	38.0	39.0	40.0	41.0
fastQC | 174	1.0	87.0	522.0	1653.0	3483.0	6629.0	11718.0	19917.0	33296.0	51668.0	74579.0	100803.0	130477.0	161883.0	195462.0	233471.0	277150.0	331473.0	412610.0	562231.0	923262.0	2629165.0	130833.0
	19.0	20.0	21.0	22.0	23.0	24.0	25.0	26.0	27.0	28.0	29.0	30.0	31.0	32.0	33.0	34.0	35.0	36.0	37.0	38.0	39.0	40.0	41.0
fastQC | 175	1.0	62.0	489.0	1482.0	3122.0	5472.0	9246.0	14705.0	23041.0	33956.0	47464.0	62369.0	79081.0	95464.0	114876.0	134782.0	157908.0	187484.0	232178.0	312099.0	495256.0	1339213.0	67624.0
	19.0	20.0	21.0	22.0	23.0	24.0	25.0	26.0	27.0	28.0	29.0	30.0	31.0	32.0	33.0	34.0	35.0	36.0	37.0	38.0	39.0	40.0	41.0
fastQC | 176	1.0	119.0	852.0	2674.0	5212.0	9381.0	15256.0	23530.0	35264.0	51161.0	70838.0	93694.0	118336.0	144163.0	172820.0	203794.0	239129.0	283474.0	348498.0	459570.0	708387.0	1904026.0	105871.0
	19.0	20.0	21.0	22.0	23.0	24.0	25.0	26.0	27.0	28.0	29.0	30.0	31.0	32.0	33.0	34.0	35.0	36.0	37.0	38.0	39.0	40.0	41.0
fastQC | 177	1.0	44.0	335.0	984.0	2171.0	4026.0	7049.0	12230.0	19892.0	30382.0	43863.0	59595.0	77135.0	96228.0	115410.0	137508.0	162827.0	195241.0	243035.0	328114.0	534688.0	1505777.0	81497.0
	20.0	21.0	22.0	23.0	24.0	25.0	26.0	27.0	28.0	29.0	30.0	31.0	32.0	33.0	34.0	35.0	36.0	37.0	38.0	39.0	40.0	41.0
fastQC | 178	44.0	373.0	1154.0	2228.0	3778.0	6482.0	10113.0	15468.0	22789.0	31482.0	41717.0	52251.0	63984.0	76404.0	90310.0	105930.0	126581.0	155183.0	208610.0	329458.0	907195.0	48957.0
	20.0	21.0	22.0	23.0	24.0	25.0	26.0	27.0	28.0	29.0	30.0	31.0	32.0	33.0	34.0	35.0	36.0	37.0	38.0	39.0	40.0	41.0
fastQC | 179	26.0	190.0	594.0	1316.0	2476.0	4453.0	7271.0	12165.0	18694.0	26547.0	35697.0	45824.0	55819.0	67877.0	80069.0	94225.0	112064.0	137837.0	185763.0	304067.0	867313.0	44696.0
	20.0	21.0	22.0	23.0	24.0	25.0	26.0	27.0	28.0	29.0	30.0	31.0	32.0	33.0	34.0	35.0	36.0	37.0	38.0	39.0	40.0	41.0
fastQC | 18	178.0	1105.0	3433.0	7326.0	13621.0	23246.0	38567.0	61827.0	91929.0	127548.0	168709.0	211690.0	257310.0	306664.0	360150.0	418814.0	488494.0	594561.0	777041.0	1177979.0	2950055.0	160676.0
	20.0	21.0	22.0	23.0	24.0	25.0	26.0	27.0	28.0	29.0	30.0	31.0	32.0	33.0	34.0	35.0	36.0	37.0	38.0	39.0	40.0	41.0
fastQC | 180	36.0	274.0	747.0	1735.0	3147.0	5530.0	9021.0	14880.0	21843.0	30956.0	41096.0	51967.0	63165.0	76080.0	88904.0	104632.0	123883.0	152669.0	205491.0	334483.0	928066.0	46807.0
	19.0	20.0	21.0	22.0	23.0	24.0	25.0	26.0	27.0	28.0	29.0	30.0	31.0	32.0	33.0	34.0	35.0	36.0	37.0	38.0	39.0	40.0	41.0
fastQC | 181	1.0	35.0	187.0	709.0	1531.0	2693.0	4762.0	7914.0	13005.0	19704.0	27377.0	36372.0	45777.0	56238.0	66909.0	78994.0	93410.0	110237.0	136257.0	184075.0	301099.0	853732.0	45429.0
	19.0	20.0	21.0	22.0	23.0	24.0	25.0	26.0	27.0	28.0	29.0	30.0	31.0	32.0	33.0	34.0	35.0	36.0	37.0	38.0	39.0	40.0	41.0
fastQC | 182	1.0	35.0	278.0	869.0	1780.0	3276.0	6116.0	10208.0	17041.0	26708.0	38806.0	52187.0	66606.0	82071.0	100028.0	119215.0	141128.0	168476.0	209691.0	285680.0	476194.0	1410787.0	74803.0
	19.0	20.0	21.0	22.0	23.0	24.0	25.0	26.0	27.0	28.0	29.0	30.0	31.0	32.0	33.0	34.0	35.0	36.0	37.0	38.0	39.0	40.0	41.0
fastQC | 183	2.0	34.0	250.0	766.0	1730.0	3216.0	5583.0	9030.0	14366.0	21307.0	29944.0	39047.0	49170.0	59609.0	71215.0	83329.0	98268.0	115284.0	141215.0	188215.0	297757.0	789080.0	36533.0
	20.0	21.0	22.0	23.0	24.0	25.0	26.0	27.0	28.0	29.0	30.0	31.0	32.0	33.0	34.0	35.0	36.0	37.0	38.0	39.0	40.0	41.0
fastQC | 184	26.0	207.0	614.0	1294.0	2470.0	4464.0	7350.0	12354.0	19076.0	27004.0	36244.0	46960.0	57965.0	68922.0	82500.0	97938.0	116496.0	143264.0	193362.0	312019.0	872606.0	46141.0
	20.0	21.0	22.0	23.0	24.0	25.0	26.0	27.0	28.0	29.0	30.0	31.0	32.0	33.0	34.0	35.0	36.0	37.0	38.0	39.0	40.0	41.0
fastQC | 185	48.0	268.0	793.0	1831.0	3269.0	5901.0	10034.0	16480.0	24729.0	35664.0	47763.0	61199.0	75380.0	90673.0	107959.0	127195.0	151632.0	188529.0	256898.0	424061.0	1241978.0	68135.0
	20.0	21.0	22.0	23.0	24.0	25.0	26.0	27.0	28.0	29.0	30.0	31.0	32.0	33.0	34.0	35.0	36.0	37.0	38.0	39.0	40.0	41.0
fastQC | 186	43.0	387.0	1026.0	2340.0	4248.0	7480.0	12538.0	20327.0	31031.0	43650.0	58418.0	73729.0	90586.0	108666.0	127978.0	151133.0	178790.0	219051.0	296043.0	479673.0	1331187.0	68003.0
	20.0	21.0	22.0	23.0	24.0	25.0	26.0	27.0	28.0	29.0	30.0	31.0	32.0	33.0	34.0	35.0	36.0	37.0	38.0	39.0	40.0	41.0
fastQC | 187	35.0	263.0	851.0	1821.0	3208.0	5362.0	8739.0	13704.0	20352.0	28707.0	37612.0	46903.0	57206.0	67592.0	78835.0	91907.0	108182.0	133117.0	177477.0	281909.0	729045.0	32677.0
	19.0	20.0	21.0	22.0	23.0	24.0	25.0	26.0	27.0	28.0	29.0	30.0	31.0	32.0	33.0	34.0	35.0	36.0	37.0	38.0	39.0	40.0	41.0
fastQC | 188	1.0	42.0	301.0	879.0	1894.0	3254.0	5592.0	9139.0	13968.0	21120.0	29385.0	38466.0	47910.0	57926.0	68371.0	80469.0	93569.0	110431.0	135858.0	182180.0	293680.0	770982.0	34510.0
	20.0	21.0	22.0	23.0	24.0	25.0	26.0	27.0	28.0	29.0	30.0	31.0	32.0	33.0	34.0	35.0	36.0	37.0	38.0	39.0	40.0	41.0
fastQC | 189	49.0	293.0	861.0	1776.0	3252.0	5441.0	9069.0	14024.0	21192.0	29382.0	38814.0	48531.0	58628.0	69135.0	81390.0	94935.0	112477.0	138174.0	186798.0	298762.0	776401.0	33290.0
	20.0	21.0	22.0	23.0	24.0	25.0	26.0	27.0	28.0	29.0	30.0	31.0	32.0	33.0	34.0	35.0	36.0	37.0	38.0	39.0	40.0	41.0
fastQC | 19	83.0	568.0	1542.0	3510.0	6888.0	12237.0	20835.0	33800.0	52812.0	73946.0	98265.0	125273.0	153801.0	183491.0	217602.0	256313.0	303718.0	372442.0	497979.0	791033.0	2100074.0	119385.0
	20.0	21.0	22.0	23.0	24.0	25.0	26.0	27.0	28.0	29.0	30.0	31.0	32.0	33.0	34.0	35.0	36.0	37.0	38.0	39.0	40.0	41.0
fastQC | 190	46.0	302.0	924.0	2006.0	3586.0	5909.0	9605.0	15398.0	22722.0	31707.0	41329.0	52308.0	63655.0	74782.0	87695.0	102824.0	121283.0	149430.0	200931.0	322726.0	852919.0	38084.0
	19.0	20.0	21.0	22.0	23.0	24.0	25.0	26.0	27.0	28.0	29.0	30.0	31.0	32.0	33.0	34.0	35.0	36.0	37.0	38.0	39.0	40.0	41.0
fastQC | 191	2.0	61.0	398.0	1194.0	2502.0	4596.0	7607.0	12335.0	19243.0	28740.0	39840.0	52154.0	65309.0	79554.0	94079.0	110420.0	129397.0	153014.0	187540.0	252176.0	400380.0	1025354.0	44014.0
	20.0	21.0	22.0	23.0	24.0	25.0	26.0	27.0	28.0	29.0	30.0	31.0	32.0	33.0	34.0	35.0	36.0	37.0	38.0	39.0	40.0	41.0
fastQC | 192	18.0	183.0	538.0	1212.0	2074.0	3503.0	5623.0	8556.0	12732.0	18052.0	23531.0	29652.0	36086.0	42364.0	49810.0	58376.0	69764.0	84195.0	112502.0	177420.0	464091.0	21130.0
	20.0	21.0	22.0	23.0	24.0	25.0	26.0	27.0	28.0	29.0	30.0	31.0	32.0	33.0	34.0	35.0	36.0	37.0	38.0	39.0	40.0	41.0
fastQC | 193	30.0	209.0	681.0	1359.0	2679.0	4564.0	7522.0	11940.0	18228.0	25726.0	33935.0	43596.0	52877.0	63245.0	74477.0	87117.0	103689.0	127108.0	172124.0	278552.0	769464.0	37457.0
	20.0	21.0	22.0	23.0	24.0	25.0	26.0	27.0	28.0	29.0	30.0	31.0	32.0	33.0	34.0	35.0	36.0	37.0	38.0	39.0	40.0	41.0
fastQC | 194	54.0	311.0	923.0	1945.0	3520.0	5733.0	9132.0	14180.0	20774.0	28413.0	37341.0	46167.0	55398.0	65475.0	75980.0	88934.0	104771.0	127683.0	170012.0	270216.0	688898.0	29131.0
	19.0	20.0	21.0	22.0	23.0	24.0	25.0	26.0	27.0	28.0	29.0	30.0	31.0	32.0	33.0	34.0	35.0	36.0	37.0	38.0	39.0	40.0	41.0
fastQC | 195	1.0	69.0	376.0	1066.0	2359.0	4070.0	6666.0	10715.0	16117.0	24139.0	34145.0	44754.0	55765.0	68040.0	80971.0	94595.0	110736.0	131926.0	161778.0	214320.0	333212.0	873686.0	47885.0
	19.0	20.0	21.0	22.0	23.0	24.0	25.0	26.0	27.0	28.0	29.0	30.0	31.0	32.0	33.0	34.0	35.0	36.0	37.0	38.0	39.0	40.0	41.0
fastQC | 196	1.0	82.0	559.0	1698.0	3627.0	5993.0	10274.0	16292.0	24995.0	36565.0	50945.0	66615.0	84276.0	102213.0	121492.0	142839.0	167262.0	197875.0	242355.0	322416.0	502263.0	1328260.0	72430.0
	20.0	21.0	22.0	23.0	24.0	25.0	26.0	27.0	28.0	29.0	30.0	31.0	32.0	33.0	34.0	35.0	36.0	37.0	38.0	39.0	40.0	41.0
fastQC | 197	43.0	292.0	906.0	1957.0	3743.0	6657.0	11132.0	18120.0	28219.0	40337.0	54506.0	69605.0	84844.0	102881.0	121880.0	144375.0	173618.0	216535.0	296399.0	483448.0	1336294.0	72878.0
	20.0	21.0	22.0	23.0	24.0	25.0	26.0	27.0	28.0	29.0	30.0	31.0	32.0	33.0	34.0	35.0	36.0	37.0	38.0	39.0	40.0	41.0
fastQC | 198	74.0	472.0	1386.0	2986.0	5442.0	9355.0	15231.0	24565.0	36933.0	52713.0	70348.0	89823.0	110459.0	132385.0	156411.0	185618.0	220658.0	274424.0	372872.0	599182.0	1644318.0	87394.0
	19.0	20.0	21.0	22.0	23.0	24.0	25.0	26.0	27.0	28.0	29.0	30.0	31.0	32.0	33.0	34.0	35.0	36.0	37.0	38.0	39.0	40.0	41.0
fastQC | 199	2.0	83.0	597.0	1668.0	3591.0	6292.0	10632.0	17016.0	25983.0	39103.0	54566.0	71466.0	90156.0	110413.0	130572.0	154662.0	181606.0	215255.0	266218.0	354592.0	558990.0	1488722.0	73989.0
	20.0	21.0	22.0	23.0	24.0	25.0	26.0	27.0	28.0	29.0	30.0	31.0	32.0	33.0	34.0	35.0	36.0	37.0	38.0	39.0	40.0	41.0
fastQC | 2	13.0	123.0	391.0	819.0	1454.0	2562.0	4308.0	6836.0	10306.0	14223.0	18243.0	21883.0	26021.0	30032.0	34170.0	39212.0	45680.0	56124.0	76563.0	125348.0	207384.0	1006.0
	19.0	20.0	21.0	22.0	23.0	24.0	25.0	26.0	27.0	28.0	29.0	30.0	31.0	32.0	33.0	34.0	35.0	36.0	37.0	38.0	39.0	40.0	41.0
fastQC | 20	2.0	92.0	649.0	1905.0	4142.0	7741.0	13801.0	23430.0	38570.0	60610.0	87239.0	117604.0	151999.0	187995.0	228508.0	271624.0	320829.0	381905.0	471890.0	636483.0	1027866.0	2920948.0	193292.0
	19.0	20.0	21.0	22.0	23.0	24.0	25.0	26.0	27.0	28.0	29.0	30.0	31.0	32.0	33.0	34.0	35.0	36.0	37.0	38.0	39.0	40.0	41.0
fastQC | 200	1.0	78.0	616.0	1807.0	3802.0	6660.0	10772.0	17116.0	26551.0	38029.0	52815.0	70577.0	88712.0	107894.0	128207.0	151401.0	177596.0	210408.0	258686.0	343582.0	533724.0	1441768.0	83477.0
	20.0	21.0	22.0	23.0	24.0	25.0	26.0	27.0	28.0	29.0	30.0	31.0	32.0	33.0	34.0	35.0	36.0	37.0	38.0	39.0	40.0	41.0
fastQC | 201	37.0	313.0	1022.0	2217.0	3929.0	6612.0	11251.0	17805.0	26945.0	37941.0	51342.0	65363.0	80201.0	95654.0	113062.0	133839.0	158264.0	194004.0	260079.0	410885.0	1097306.0	58522.0
	20.0	21.0	22.0	23.0	24.0	25.0	26.0	27.0	28.0	29.0	30.0	31.0	32.0	33.0	34.0	35.0	36.0	37.0	38.0	39.0	40.0	41.0
fastQC | 202	64.0	429.0	1258.0	2708.0	4957.0	8064.0	13371.0	20947.0	31646.0	44127.0	58381.0	72933.0	89428.0	106214.0	125349.0	147121.0	175254.0	217497.0	293720.0	470756.0	1293651.0	70203.0
	19.0	20.0	21.0	22.0	23.0	24.0	25.0	26.0	27.0	28.0	29.0	30.0	31.0	32.0	33.0	34.0	35.0	36.0	37.0	38.0	39.0	40.0	41.0
fastQC | 203	1.0	32.0	268.0	826.0	1727.0	3198.0	5651.0	9358.0	15312.0	23318.0	32281.0	43114.0	54384.0	67105.0	80250.0	95017.0	111764.0	133230.0	164025.0	223041.0	359490.0	979143.0	52249.0
	20.0	21.0	22.0	23.0	24.0	25.0	26.0	27.0	28.0	29.0	30.0	31.0	32.0	33.0	34.0	35.0	36.0	37.0	38.0	39.0	40.0	41.0
fastQC | 204	24.0	188.0	560.0	1242.0	2234.0	4135.0	6837.0	10987.0	17317.0	23730.0	31774.0	39765.0	48850.0	58517.0	68145.0	80147.0	94562.0	116917.0	157788.0	254082.0	682193.0	35156.0
	20.0	21.0	22.0	23.0	24.0	25.0	26.0	27.0	28.0	29.0	30.0	31.0	32.0	33.0	34.0	35.0	36.0	37.0	38.0	39.0	40.0	41.0
fastQC | 205	25.0	169.0	503.0	1145.0	2072.0	3485.0	5905.0	9700.0	14576.0	20575.0	27056.0	33933.0	41762.0	49870.0	58944.0	68684.0	81800.0	100851.0	136826.0	220568.0	586630.0	30393.0
	20.0	21.0	22.0	23.0	24.0	25.0	26.0	27.0	28.0	29.0	30.0	31.0	32.0	33.0	34.0	35.0	36.0	37.0	38.0	39.0	40.0	41.0
fastQC | 206	45.0	254.0	843.0	1749.0	3394.0	6182.0	10261.0	17214.0	26687.0	38448.0	51892.0	67033.0	82301.0	99532.0	117502.0	139017.0	166900.0	208177.0	283748.0	469088.0	1348356.0	73327.0
	20.0	21.0	22.0	23.0	24.0	25.0	26.0	27.0	28.0	29.0	30.0	31.0	32.0	33.0	34.0	35.0	36.0	37.0	38.0	39.0	40.0	41.0
fastQC | 207	29.0	243.0	647.0	1482.0	2833.0	4848.0	7894.0	12784.0	19320.0	27363.0	35945.0	46136.0	56749.0	67726.0	79325.0	94087.0	111872.0	139213.0	188084.0	301598.0	809823.0	40533.0
	20.0	21.0	22.0	23.0	24.0	25.0	26.0	27.0	28.0	29.0	30.0	31.0	32.0	33.0	34.0	35.0	36.0	37.0	38.0	39.0	40.0	41.0
fastQC | 208	49.0	395.0	1218.0	2655.0	4936.0	8461.0	14330.0	23329.0	35493.0	50668.0	67576.0	86017.0	105708.0	126910.0	150377.0	177401.0	209443.0	256734.0	345263.0	555502.0	1531480.0	79709.0
	20.0	21.0	22.0	23.0	24.0	25.0	26.0	27.0	28.0	29.0	30.0	31.0	32.0	33.0	34.0	35.0	36.0	37.0	38.0	39.0	40.0	41.0
fastQC | 209	12.0	111.0	315.0	681.0	1316.0	2413.0	4052.0	6634.0	10423.0	14996.0	19991.0	25582.0	31697.0	38094.0	45213.0	53566.0	63660.0	79785.0	109564.0	178346.0	486889.0	26749.0
	19.0	20.0	21.0	22.0	23.0	24.0	25.0	26.0	27.0	28.0	29.0	30.0	31.0	32.0	33.0	34.0	35.0	36.0	37.0	38.0	39.0	40.0	41.0
fastQC | 21	3.0	112.0	805.0	2356.0	5100.0	9553.0	16339.0	27147.0	43738.0	64953.0	91099.0	120037.0	150567.0	183521.0	218706.0	256263.0	298941.0	348643.0	417946.0	543248.0	814125.0	1992040.0	98767.0
	20.0	21.0	22.0	23.0	24.0	25.0	26.0	27.0	28.0	29.0	30.0	31.0	32.0	33.0	34.0	35.0	36.0	37.0	38.0	39.0	40.0	41.0
fastQC | 210	45.0	288.0	941.0	2076.0	3692.0	6074.0	10021.0	15885.0	23710.0	32469.0	43124.0	54299.0	65717.0	78645.0	92639.0	108774.0	128180.0	157461.0	211345.0	333658.0	864397.0	42467.0
	20.0	21.0	22.0	23.0	24.0	25.0	26.0	27.0	28.0	29.0	30.0	31.0	32.0	33.0	34.0	35.0	36.0	37.0	38.0	39.0	40.0	41.0
fastQC | 211	30.0	363.0	1020.0	2164.0	4197.0	7396.0	12676.0	20779.0	31911.0	45762.0	61227.0	77601.0	96007.0	115773.0	137398.0	161714.0	192883.0	240718.0	329302.0	539243.0	1546755.0	83893.0
	20.0	21.0	22.0	23.0	24.0	25.0	26.0	27.0	28.0	29.0	30.0	31.0	32.0	33.0	34.0	35.0	36.0	37.0	38.0	39.0	40.0	41.0
fastQC | 212	22.0	163.0	442.0	942.0	1813.0	3184.0	5115.0	8340.0	12774.0	18073.0	23711.0	30061.0	36929.0	43684.0	51340.0	60831.0	72726.0	89537.0	121569.0	198649.0	559968.0	29860.0
	19.0	20.0	21.0	22.0	23.0	24.0	25.0	26.0	27.0	28.0	29.0	30.0	31.0	32.0	33.0	34.0	35.0	36.0	37.0	38.0	39.0	40.0	41.0
fastQC | 213	1.0	33.0	242.0	765.0	1597.0	3020.0	5022.0	8827.0	14144.0	21573.0	30686.0	40740.0	51469.0	63441.0	76648.0	90351.0	106746.0	126967.0	157005.0	212819.0	350587.0	1002166.0	54943.0
	20.0	21.0	22.0	23.0	24.0	25.0	26.0	27.0	28.0	29.0	30.0	31.0	32.0	33.0	34.0	35.0	36.0	37.0	38.0	39.0	40.0	41.0
fastQC | 214	25.0	164.0	561.0	1051.0	1941.0	3273.0	5579.0	9019.0	13607.0	19510.0	26096.0	33211.0	40784.0	49318.0	58521.0	69415.0	83137.0	103124.0	140524.0	231485.0	683492.0	38272.0
	20.0	21.0	22.0	23.0	24.0	25.0	26.0	27.0	28.0	29.0	30.0	31.0	32.0	33.0	34.0	35.0	36.0	37.0	38.0	39.0	40.0	41.0
fastQC | 215	79.0	503.0	1626.0	3366.0	6372.0	10506.0	17548.0	28234.0	43031.0	61221.0	81531.0	104108.0	127327.0	153159.0	181398.0	213479.0	254060.0	313339.0	424714.0	692197.0	1955153.0	102487.0
	20.0	21.0	22.0	23.0	24.0	25.0	26.0	27.0	28.0	29.0	30.0	31.0	32.0	33.0	34.0	35.0	36.0	37.0	38.0	39.0	40.0	41.0
fastQC | 216	18.0	115.0	305.0	692.0	1317.0	2301.0	3823.0	6512.0	9943.0	14561.0	19537.0	25458.0	31454.0	38155.0	46033.0	54303.0	65216.0	81361.0	111098.0	183310.0	556162.0	32285.0
	19.0	20.0	21.0	22.0	23.0	24.0	25.0	26.0	27.0	28.0	29.0	30.0	31.0	32.0	33.0	34.0	35.0	36.0	37.0	38.0	39.0	40.0	41.0
fastQC | 217	2.0	168.0	1129.0	3134.0	6320.0	11636.0	19733.0	31721.0	49957.0	73820.0	103838.0	136381.0	172061.0	209596.0	249377.0	292274.0	341029.0	405197.0	497444.0	670269.0	1075011.0	2964560.0	158436.0
	20.0	21.0	22.0	23.0	24.0	25.0	26.0	27.0	28.0	29.0	30.0	31.0	32.0	33.0	34.0	35.0	36.0	37.0	38.0	39.0	40.0	41.0
fastQC | 218	122.0	815.0	2236.0	4869.0	8999.0	14739.0	23588.0	37319.0	54539.0	75966.0	99300.0	124997.0	151863.0	180740.0	210783.0	247893.0	292332.0	361177.0	488197.0	781551.0	2149031.0	108967.0
	19.0	20.0	21.0	22.0	23.0	24.0	25.0	26.0	27.0	28.0	29.0	30.0	31.0	32.0	33.0	34.0	35.0	36.0	37.0	38.0	39.0	40.0	41.0
fastQC | 219	3.0	141.0	1114.0	3031.0	6264.0	10960.0	17852.0	27750.0	42225.0	61570.0	84321.0	110678.0	137970.0	166783.0	198223.0	231211.0	268384.0	318520.0	389150.0	519200.0	815588.0	2148876.0	100501.0
	20.0	21.0	22.0	23.0	24.0	25.0	26.0	27.0	28.0	29.0	30.0	31.0	32.0	33.0	34.0	35.0	36.0	37.0	38.0	39.0	40.0	41.0
fastQC | 22	154.0	916.0	2721.0	5953.0	11155.0	19878.0	33917.0	54721.0	82809.0	117492.0	157179.0	199436.0	245727.0	295726.0	350422.0	411893.0	490177.0	603858.0	804687.0	1260317.0	3337116.0	201284.0
	19.0	20.0	21.0	22.0	23.0	24.0	25.0	26.0	27.0	28.0	29.0	30.0	31.0	32.0	33.0	34.0	35.0	36.0	37.0	38.0	39.0	40.0	41.0
fastQC | 220	1.0	183.0	1366.0	4035.0	8004.0	13660.0	21163.0	32112.0	46966.0	65975.0	88489.0	112265.0	137794.0	163386.0	190423.0	220004.0	254190.0	296146.0	358728.0	469063.0	721780.0	1846354.0	80275.0
	20.0	21.0	22.0	23.0	24.0	25.0	26.0	27.0	28.0	29.0	30.0	31.0	32.0	33.0	34.0	35.0	36.0	37.0	38.0	39.0	40.0	41.0
fastQC | 221	59.0	348.0	1236.0	2649.0	4739.0	7933.0	13062.0	20652.0	31128.0	44127.0	58592.0	74788.0	91219.0	108935.0	129377.0	152482.0	181573.0	227036.0	309152.0	504322.0	1407983.0	66883.0
	19.0	20.0	21.0	22.0	23.0	24.0	25.0	26.0	27.0	28.0	29.0	30.0	31.0	32.0	33.0	34.0	35.0	36.0	37.0	38.0	39.0	40.0	41.0
fastQC | 222	1.0	96.0	665.0	1965.0	4215.0	7446.0	12526.0	20395.0	31631.0	47401.0	65632.0	86273.0	109121.0	132614.0	157990.0	185707.0	215860.0	254522.0	310734.0	414724.0	662014.0	1725030.0	75110.0
	19.0	20.0	21.0	22.0	23.0	24.0	25.0	26.0	27.0	28.0	29.0	30.0	31.0	32.0	33.0	34.0	35.0	36.0	37.0	38.0	39.0	40.0	41.0
fastQC | 223	1.0	143.0	1041.0	3006.0	6131.0	11061.0	17507.0	27566.0	42208.0	60734.0	83705.0	107877.0	135618.0	163824.0	193719.0	227363.0	265683.0	313779.0	385900.0	517227.0	817935.0	2147599.0	94094.0
	20.0	21.0	22.0	23.0	24.0	25.0	26.0	27.0	28.0	29.0	30.0	31.0	32.0	33.0	34.0	35.0	36.0	37.0	38.0	39.0	40.0	41.0
fastQC | 224	172.0	1149.0	3313.0	6954.0	12141.0	19450.0	29877.0	44942.0	65110.0	87433.0	113262.0	140857.0	170176.0	200218.0	233765.0	272674.0	320536.0	391205.0	518519.0	805868.0	2123940.0	99410.0
	20.0	21.0	22.0	23.0	24.0	25.0	26.0	27.0	28.0	29.0	30.0	31.0	32.0	33.0	34.0	35.0	36.0	37.0	38.0	39.0	40.0	41.0
fastQC | 225	59.0	389.0	1283.0	2816.0	4788.0	7571.0	12022.0	18255.0	26813.0	37013.0	48315.0	60631.0	73371.0	87582.0	102426.0	120292.0	142304.0	174558.0	233506.0	371476.0	1006760.0	47430.0
	19.0	20.0	21.0	22.0	23.0	24.0	25.0	26.0	27.0	28.0	29.0	30.0	31.0	32.0	33.0	34.0	35.0	36.0	37.0	38.0	39.0	40.0	41.0
fastQC | 226	2.0	125.0	887.0	2603.0	5402.0	10033.0	16296.0	26393.0	41075.0	60410.0	83416.0	109772.0	136514.0	165739.0	196652.0	229318.0	268450.0	316823.0	388875.0	523362.0	834203.0	2166031.0	91435.0
	20.0	21.0	22.0	23.0	24.0	25.0	26.0	27.0	28.0	29.0	30.0	31.0	32.0	33.0	34.0	35.0	36.0	37.0	38.0	39.0	40.0	41.0
fastQC | 227	63.0	389.0	1152.0	2516.0	4595.0	8288.0	14148.0	22817.0	35246.0	50109.0	66368.0	83086.0	101434.0	120211.0	141521.0	166571.0	197007.0	244948.0	328102.0	528853.0	1366314.0	63818.0
	20.0	21.0	22.0	23.0	24.0	25.0	26.0	27.0	28.0	29.0	30.0	31.0	32.0	33.0	34.0	35.0	36.0	37.0	38.0	39.0	40.0	41.0
fastQC | 228	37.0	278.0	782.0	1555.0	2886.0	4927.0	8484.0	13615.0	20824.0	28970.0	37855.0	47545.0	58043.0	68637.0	79758.0	92409.0	109501.0	133343.0	177955.0	284047.0	718473.0	32631.0
	19.0	20.0	21.0	22.0	23.0	24.0	25.0	26.0	27.0	28.0	29.0	30.0	31.0	32.0	33.0	34.0	35.0	36.0	37.0	38.0	39.0	40.0	41.0
fastQC | 229	1.0	39.0	259.0	714.0	1642.0	3072.0	5422.0	9561.0	15864.0	24650.0	35371.0	47308.0	60164.0	73795.0	88689.0	104689.0	123301.0	146468.0	181546.0	246530.0	405803.0	1082982.0	50821.0
	20.0	21.0	22.0	23.0	24.0	25.0	26.0	27.0	28.0	29.0	30.0	31.0	32.0	33.0	34.0	35.0	36.0	37.0	38.0	39.0	40.0	41.0
fastQC | 23	89.0	587.0	1654.0	3641.0	6836.0	11988.0	20008.0	32241.0	49493.0	69164.0	91757.0	116724.0	142792.0	171810.0	203002.0	237913.0	281275.0	344310.0	457450.0	716895.0	1896855.0	112113.0
	20.0	21.0	22.0	23.0	24.0	25.0	26.0	27.0	28.0	29.0	30.0	31.0	32.0	33.0	34.0	35.0	36.0	37.0	38.0	39.0	40.0	41.0
fastQC | 230	44.0	332.0	1026.0	2092.0	3960.0	6758.0	11530.0	18912.0	28759.0	40369.0	53937.0	67598.0	82863.0	98450.0	116046.0	134841.0	160327.0	196108.0	262703.0	419991.0	1081703.0	49727.0
	20.0	21.0	22.0	23.0	24.0	25.0	26.0	27.0	28.0	29.0	30.0	31.0	32.0	33.0	34.0	35.0	36.0	37.0	38.0	39.0	40.0	41.0
fastQC | 231	20.0	178.0	490.0	1050.0	1831.0	3226.0	5545.0	9068.0	13495.0	19219.0	25285.0	31964.0	39197.0	46269.0	54171.0	63574.0	74923.0	91945.0	122910.0	196355.0	505475.0	22446.0
	20.0	21.0	22.0	23.0	24.0	25.0	26.0	27.0	28.0	29.0	30.0	31.0	32.0	33.0	34.0	35.0	36.0	37.0	38.0	39.0	40.0	41.0
fastQC | 232	36.0	235.0	713.0	1519.0	3077.0	5212.0	8678.0	14552.0	22367.0	32039.0	42643.0	54252.0	66239.0	79942.0	92748.0	109487.0	128856.0	158041.0	212291.0	339932.0	885715.0	43245.0
	20.0	21.0	22.0	23.0	24.0	25.0	26.0	27.0	28.0	29.0	30.0	31.0	32.0	33.0	34.0	35.0	36.0	37.0	38.0	39.0	40.0	41.0
fastQC | 233	39.0	250.0	806.0	1810.0	3446.0	6365.0	11020.0	18865.0	29172.0	41580.0	56035.0	70904.0	87630.0	104868.0	124288.0	146630.0	174776.0	217503.0	295022.0	480298.0	1274391.0	60339.0
	20.0	21.0	22.0	23.0	24.0	25.0	26.0	27.0	28.0	29.0	30.0	31.0	32.0	33.0	34.0	35.0	36.0	37.0	38.0	39.0	40.0	41.0
fastQC | 234	26.0	188.0	545.0	1075.0	2150.0	3720.0	6420.0	10507.0	15917.0	22523.0	29803.0	37375.0	45591.0	53994.0	63206.0	74269.0	87561.0	106921.0	143188.0	227161.0	569454.0	24977.0
	19.0	20.0	21.0	22.0	23.0	24.0	25.0	26.0	27.0	28.0	29.0	30.0	31.0	32.0	33.0	34.0	35.0	36.0	37.0	38.0	39.0	40.0	41.0
fastQC | 235	1.0	93.0	578.0	1658.0	3426.0	6536.0	11693.0	19582.0	31636.0	47917.0	67491.0	89012.0	111630.0	135727.0	160982.0	188845.0	220718.0	259187.0	314812.0	420135.0	658800.0	1693719.0	72947.0
	19.0	20.0	21.0	22.0	23.0	24.0	25.0	26.0	27.0	28.0	29.0	30.0	31.0	32.0	33.0	34.0	35.0	36.0	37.0	38.0	39.0	40.0	41.0
fastQC | 236	2.0	53.0	426.0	1155.0	2526.0	4758.0	8482.0	14522.0	23460.0	35601.0	50117.0	66528.0	83256.0	100394.0	119970.0	140031.0	163488.0	192273.0	236221.0	319254.0	512724.0	1392428.0	63941.0
	20.0	21.0	22.0	23.0	24.0	25.0	26.0	27.0	28.0	29.0	30.0	31.0	32.0	33.0	34.0	35.0	36.0	37.0	38.0	39.0	40.0	41.0
fastQC | 237	55.0	364.0	1156.0	2417.0	4617.0	7927.0	13544.0	21837.0	32482.0	45604.0	60237.0	75251.0	91350.0	108577.0	128067.0	149540.0	176331.0	217105.0	290449.0	467910.0	1246555.0	54784.0
	20.0	21.0	22.0	23.0	24.0	25.0	26.0	27.0	28.0	29.0	30.0	31.0	32.0	33.0	34.0	35.0	36.0	37.0	38.0	39.0	40.0	41.0
fastQC | 238	30.0	239.0	705.0	1493.0	2755.0	4755.0	7830.0	12787.0	19587.0	27756.0	36451.0	46089.0	56438.0	66903.0	79079.0	93449.0	111229.0	136843.0	184946.0	300758.0	844663.0	39996.0
	19.0	20.0	21.0	22.0	23.0	24.0	25.0	26.0	27.0	28.0	29.0	30.0	31.0	32.0	33.0	34.0	35.0	36.0	37.0	38.0	39.0	40.0	41.0
fastQC | 239	1.0	42.0	328.0	919.0	1996.0	3693.0	6278.0	10688.0	17161.0	26243.0	36739.0	48244.0	60460.0	73953.0	87154.0	102124.0	120354.0	142557.0	175476.0	236209.0	377506.0	970451.0	39697.0
	19.0	20.0	21.0	22.0	23.0	24.0	25.0	26.0	27.0	28.0	29.0	30.0	31.0	32.0	33.0	34.0	35.0	36.0	37.0	38.0	39.0	40.0	41.0
fastQC | 24	1.0	196.0	1212.0	3804.0	7784.0	14630.0	25761.0	43077.0	68944.0	104393.0	147228.0	195434.0	246783.0	301206.0	361565.0	425789.0	498484.0	589447.0	718795.0	957876.0	1495056.0	3906238.0	228098.0
	19.0	20.0	21.0	22.0	23.0	24.0	25.0	26.0	27.0	28.0	29.0	30.0	31.0	32.0	33.0	34.0	35.0	36.0	37.0	38.0	39.0	40.0	41.0
fastQC | 241	1.0	84.0	621.0	1749.0	3867.0	6878.0	11906.0	19768.0	31916.0	47522.0	67276.0	88447.0	111585.0	136547.0	163742.0	191421.0	223907.0	266779.0	327856.0	442627.0	709208.0	1963064.0	92957.0
	20.0	21.0	22.0	23.0	24.0	25.0	26.0	27.0	28.0	29.0	30.0	31.0	32.0	33.0	34.0	35.0	36.0	37.0	38.0	39.0	40.0	41.0
fastQC | 242	20.0	175.0	547.0	1221.0	2125.0	3553.0	5835.0	9163.0	13561.0	18622.0	24478.0	30648.0	37286.0	44345.0	51574.0	60173.0	70532.0	86536.0	116087.0	184431.0	500747.0	23206.0
	20.0	21.0	22.0	23.0	24.0	25.0	26.0	27.0	28.0	29.0	30.0	31.0	32.0	33.0	34.0	35.0	36.0	37.0	38.0	39.0	40.0	41.0
fastQC | 243	65.0	486.0	1539.0	3107.0	5579.0	9269.0	14934.0	23180.0	34457.0	49181.0	66016.0	84252.0	105239.0	128274.0	153326.0	182525.0	219234.0	272131.0	369051.0	587630.0	1606565.0	86996.0
	19.0	20.0	21.0	22.0	23.0	24.0	25.0	26.0	27.0	28.0	29.0	30.0	31.0	32.0	33.0	34.0	35.0	36.0	37.0	38.0	39.0	40.0	41.0
fastQC | 244	1.0	42.0	375.0	1042.0	2172.0	3900.0	6700.0	10742.0	16861.0	25694.0	36515.0	48497.0	63141.0	78624.0	95111.0	113637.0	135229.0	162518.0	201812.0	274085.0	437545.0	1192309.0	64546.0
	20.0	21.0	22.0	23.0	24.0	25.0	26.0	27.0	28.0	29.0	30.0	31.0	32.0	33.0	34.0	35.0	36.0	37.0	38.0	39.0	40.0	41.0
fastQC | 245	57.0	289.0	917.0	2012.0	3590.0	6201.0	10289.0	16961.0	25890.0	37372.0	51123.0	66748.0	84108.0	104031.0	124792.0	149869.0	182184.0	227513.0	312804.0	514330.0	1498625.0	81286.0
	20.0	21.0	22.0	23.0	24.0	25.0	26.0	27.0	28.0	29.0	30.0	31.0	32.0	33.0	34.0	35.0	36.0	37.0	38.0	39.0	40.0	41.0
fastQC | 246	112.0	830.0	2657.0	5739.0	10422.0	17799.0	29487.0	47352.0	72576.0	104203.0	140765.0	181771.0	226150.0	274330.0	328009.0	388481.0	463322.0	576891.0	779984.0	1261719.0	3451507.0	177501.0
	20.0	21.0	22.0	23.0	24.0	25.0	26.0	27.0	28.0	29.0	30.0	31.0	32.0	33.0	34.0	35.0	36.0	37.0	38.0	39.0	40.0	41.0
fastQC | 247	56.0	421.0	1236.0	2518.0	4591.0	7736.0	12431.0	19714.0	30082.0	42302.0	57146.0	73380.0	90501.0	110475.0	131701.0	157646.0	188951.0	235731.0	318964.0	509201.0	1353207.0	68645.0
	20.0	21.0	22.0	23.0	24.0	25.0	26.0	27.0	28.0	29.0	30.0	31.0	32.0	33.0	34.0	35.0	36.0	37.0	38.0	39.0	40.0	41.0
fastQC | 248	47.0	338.0	1038.0	2190.0	4012.0	6663.0	11079.0	18025.0	27336.0	40032.0	54523.0	71209.0	89367.0	109374.0	131098.0	156708.0	187930.0	233897.0	318198.0	519109.0	1476424.0	83798.0
	20.0	21.0	22.0	23.0	24.0	25.0	26.0	27.0	28.0	29.0	30.0	31.0	32.0	33.0	34.0	35.0	36.0	37.0	38.0	39.0	40.0	41.0
fastQC | 249	51.0	301.0	1007.0	1971.0	3679.0	6106.0	9747.0	15527.0	23722.0	33407.0	45308.0	58715.0	72419.0	88186.0	105234.0	124967.0	149999.0	185594.0	250600.0	397867.0	1072986.0	57757.0
	20.0	21.0	22.0	23.0	24.0	25.0	26.0	27.0	28.0	29.0	30.0	31.0	32.0	33.0	34.0	35.0	36.0	37.0	38.0	39.0	40.0	41.0
fastQC | 25	31.0	225.0	686.0	1472.0	2687.0	4350.0	7201.0	11272.0	17070.0	23796.0	31166.0	39864.0	49377.0	59456.0	70645.0	83672.0	99333.0	122448.0	164770.0	261703.0	719836.0	51480.0
	20.0	21.0	22.0	23.0	24.0	25.0	26.0	27.0	28.0	29.0	30.0	31.0	32.0	33.0	34.0	35.0	36.0	37.0	38.0	39.0	40.0	41.0
fastQC | 250	71.0	391.0	1182.0	2459.0	4290.0	6937.0	11166.0	17261.0	25510.0	36125.0	48505.0	61581.0	76165.0	91960.0	109447.0	130595.0	155575.0	192877.0	260739.0	414403.0	1098577.0	57174.0
	20.0	21.0	22.0	23.0	24.0	25.0	26.0	27.0	28.0	29.0	30.0	31.0	32.0	33.0	34.0	35.0	36.0	37.0	38.0	39.0	40.0	41.0
fastQC | 251	37.0	229.0	710.0	1487.0	2703.0	4475.0	7265.0	11720.0	17457.0	24089.0	32134.0	39649.0	47560.0	56031.0	65351.0	76199.0	89739.0	111409.0	151504.0	255365.0	534618.0	4739.0
	20.0	21.0	22.0	23.0	24.0	25.0	26.0	27.0	28.0	29.0	30.0	31.0	32.0	33.0	34.0	35.0	36.0	37.0	38.0	39.0	40.0	41.0
fastQC | 252	40.0	248.0	772.0	1643.0	2904.0	4833.0	8024.0	12433.0	18772.0	26358.0	34128.0	42966.0	51187.0	60290.0	69930.0	81351.0	95608.0	117462.0	158995.0	263763.0	534765.0	4436.0
	20.0	21.0	22.0	23.0	24.0	25.0	26.0	27.0	28.0	29.0	30.0	31.0	32.0	33.0	34.0	35.0	36.0	37.0	38.0	39.0	40.0	41.0
fastQC | 253	31.0	281.0	845.0	1699.0	3008.0	5174.0	8426.0	13448.0	19965.0	28114.0	37296.0	46502.0	56034.0	65941.0	77132.0	89990.0	107622.0	132953.0	183046.0	310210.0	666392.0	5702.0
	20.0	21.0	22.0	23.0	24.0	25.0	26.0	27.0	28.0	29.0	30.0	31.0	32.0	33.0	34.0	35.0	36.0	37.0	38.0	39.0	40.0	41.0
fastQC | 254	81.0	605.0	1790.0	3666.0	6401.0	10554.0	16929.0	26072.0	38875.0	53191.0	68721.0	84772.0	101549.0	118968.0	137338.0	159466.0	187735.0	230510.0	311341.0	519363.0	1047326.0	8729.0
	20.0	21.0	22.0	23.0	24.0	25.0	26.0	27.0	28.0	29.0	30.0	31.0	32.0	33.0	34.0	35.0	36.0	37.0	38.0	39.0	40.0	41.0
fastQC | 255	17.0	129.0	435.0	940.0	1809.0	3072.0	5234.0	8506.0	12752.0	18315.0	24116.0	30185.0	36538.0	43109.0	50931.0	59043.0	69178.0	84903.0	115743.0	195167.0	407854.0	3397.0
	20.0	21.0	22.0	23.0	24.0	25.0	26.0	27.0	28.0	29.0	30.0	31.0	32.0	33.0	34.0	35.0	36.0	37.0	38.0	39.0	40.0	41.0
fastQC | 256	56.0	355.0	951.0	1963.0	3545.0	5801.0	9712.0	15371.0	23433.0	32676.0	42841.0	53430.0	63653.0	76453.0	89040.0	103050.0	122195.0	151047.0	205829.0	345782.0	741469.0	7013.0
	20.0	21.0	22.0	23.0	24.0	25.0	26.0	27.0	28.0	29.0	30.0	31.0	32.0	33.0	34.0	35.0	36.0	37.0	38.0	39.0	40.0	41.0
fastQC | 257	38.0	242.0	712.0	1503.0	2670.0	4480.0	7478.0	11834.0	18193.0	25290.0	32751.0	40879.0	48893.0	57330.0	67734.0	78699.0	93973.0	114998.0	157688.0	264708.0	562424.0	5151.0
	20.0	21.0	22.0	23.0	24.0	25.0	26.0	27.0	28.0	29.0	30.0	31.0	32.0	33.0	34.0	35.0	36.0	37.0	38.0	39.0	40.0	41.0
fastQC | 258	22.0	143.0	430.0	910.0	1720.0	3038.0	5005.0	8283.0	12692.0	17893.0	23919.0	29771.0	35696.0	42177.0	49246.0	57549.0	68241.0	84907.0	115253.0	195640.0	422313.0	3721.0
	20.0	21.0	22.0	23.0	24.0	25.0	26.0	27.0	28.0	29.0	30.0	31.0	32.0	33.0	34.0	35.0	36.0	37.0	38.0	39.0	40.0	41.0
fastQC | 259	23.0	220.0	676.0	1503.0	2865.0	5033.0	8866.0	14553.0	22195.0	31674.0	42362.0	53405.0	65273.0	77846.0	91238.0	107579.0	128176.0	157934.0	213177.0	351868.0	1015250.0	53683.0
	20.0	21.0	22.0	23.0	24.0	25.0	26.0	27.0	28.0	29.0	30.0	31.0	32.0	33.0	34.0	35.0	36.0	37.0	38.0	39.0	40.0	41.0
fastQC | 26	40.0	255.0	819.0	1697.0	2879.0	4650.0	7237.0	11064.0	16006.0	22013.0	29078.0	36973.0	44862.0	54173.0	63282.0	74314.0	87821.0	108621.0	143721.0	220041.0	586060.0	41788.0
	20.0	21.0	22.0	23.0	24.0	25.0	26.0	27.0	28.0	29.0	30.0	31.0	32.0	33.0	34.0	35.0	36.0	37.0	38.0	39.0	40.0	41.0
fastQC | 260	33.0	237.0	743.0	1728.0	3117.0	5489.0	9580.0	15491.0	23689.0	33426.0	43724.0	55720.0	67538.0	80345.0	94662.0	111667.0	131918.0	161961.0	218726.0	356073.0	997943.0	50930.0
	20.0	21.0	22.0	23.0	24.0	25.0	26.0	27.0	28.0	29.0	30.0	31.0	32.0	33.0	34.0	35.0	36.0	37.0	38.0	39.0	40.0	41.0
fastQC | 261	28.0	216.0	644.0	1454.0	2678.0	4586.0	7807.0	12763.0	19656.0	27754.0	36739.0	46166.0	56082.0	67219.0	79342.0	93110.0	109849.0	136095.0	183554.0	302664.0	880450.0	47717.0
	20.0	21.0	22.0	23.0	24.0	25.0	26.0	27.0	28.0	29.0	30.0	31.0	32.0	33.0	34.0	35.0	36.0	37.0	38.0	39.0	40.0	41.0
fastQC | 262	48.0	335.0	1028.0	2195.0	4111.0	7406.0	12294.0	19606.0	29734.0	41353.0	54646.0	68786.0	83061.0	99676.0	117559.0	137391.0	163317.0	200868.0	272802.0	443317.0	1228935.0	60839.0
	20.0	21.0	22.0	23.0	24.0	25.0	26.0	27.0	28.0	29.0	30.0	31.0	32.0	33.0	34.0	35.0	36.0	37.0	38.0	39.0	40.0	41.0
fastQC | 263	38.0	239.0	701.0	1502.0	2821.0	4921.0	8573.0	13905.0	21157.0	29387.0	38880.0	48617.0	59103.0	70293.0	83175.0	97027.0	115705.0	143611.0	194922.0	320624.0	897545.0	42125.0
	19.0	20.0	21.0	22.0	23.0	24.0	25.0	26.0	27.0	28.0	29.0	30.0	31.0	32.0	33.0	34.0	35.0	36.0	37.0	38.0	39.0	40.0	41.0
fastQC | 264	1.0	21.0	165.0	540.0	1216.0	2284.0	4192.0	7196.0	12249.0	18944.0	27426.0	36254.0	46165.0	56643.0	68788.0	80898.0	95342.0	112254.0	139805.0	189022.0	308410.0	894557.0	46941.0
	19.0	20.0	21.0	22.0	23.0	24.0	25.0	26.0	27.0	28.0	29.0	30.0	31.0	32.0	33.0	34.0	35.0	36.0	37.0	38.0	39.0	40.0	41.0
fastQC | 265	1.0	26.0	187.0	617.0	1394.0	2652.0	4676.0	8290.0	13576.0	21387.0	30423.0	40187.0	50806.0	62063.0	74683.0	88950.0	104539.0	124102.0	153928.0	210532.0	350504.0	1051192.0	55973.0
	20.0	21.0	22.0	23.0	24.0	25.0	26.0	27.0	28.0	29.0	30.0	31.0	32.0	33.0	34.0	35.0	36.0	37.0	38.0	39.0	40.0	41.0
fastQC | 266	32.0	207.0	699.0	1611.0	2987.0	5214.0	9178.0	15212.0	23615.0	33737.0	45585.0	57420.0	70811.0	84112.0	101507.0	118891.0	141868.0	175446.0	239157.0	400088.0	1207674.0	65542.0
	20.0	21.0	22.0	23.0	24.0	25.0	26.0	27.0	28.0	29.0	30.0	31.0	32.0	33.0	34.0	35.0	36.0	37.0	38.0	39.0	40.0	41.0
fastQC | 267	18.0	122.0	370.0	824.0	1543.0	2763.0	4632.0	7565.0	11803.0	16525.0	22155.0	28132.0	34339.0	41115.0	48238.0	56837.0	67466.0	84532.0	115785.0	191427.0	531617.0	24881.0
	20.0	21.0	22.0	23.0	24.0	25.0	26.0	27.0	28.0	29.0	30.0	31.0	32.0	33.0	34.0	35.0	36.0	37.0	38.0	39.0	40.0	41.0
fastQC | 268	33.0	189.0	614.0	1201.0	2198.0	3635.0	6035.0	9632.0	14309.0	20323.0	26683.0	33428.0	40645.0	48616.0	57023.0	66994.0	78786.0	96763.0	129424.0	208473.0	558211.0	23745.0
	20.0	21.0	22.0	23.0	24.0	25.0	26.0	27.0	28.0	29.0	30.0	31.0	32.0	33.0	34.0	35.0	36.0	37.0	38.0	39.0	40.0	41.0
fastQC | 269	40.0	277.0	808.0	1798.0	3232.0	5219.0	8560.0	13285.0	19618.0	27442.0	36109.0	44961.0	54640.0	65096.0	76544.0	89474.0	105356.0	129736.0	174617.0	281055.0	753189.0	34970.0
	20.0	21.0	22.0	23.0	24.0	25.0	26.0	27.0	28.0	29.0	30.0	31.0	32.0	33.0	34.0	35.0	36.0	37.0	38.0	39.0	40.0	41.0
fastQC | 27	21.0	134.0	409.0	947.0	1714.0	2994.0	5257.0	8605.0	13352.0	19167.0	25311.0	32825.0	40569.0	48699.0	58345.0	69328.0	83145.0	104124.0	144334.0	244785.0	709288.0	50474.0
	20.0	21.0	22.0	23.0	24.0	25.0	26.0	27.0	28.0	29.0	30.0	31.0	32.0	33.0	34.0	35.0	36.0	37.0	38.0	39.0	40.0	41.0
fastQC | 270	41.0	295.0	904.0	1905.0	3478.0	5881.0	9907.0	15907.0	23817.0	33993.0	45500.0	57678.0	70293.0	84455.0	99052.0	116765.0	138558.0	172663.0	235098.0	384080.0	1053159.0	46465.0
	19.0	20.0	21.0	22.0	23.0	24.0	25.0	26.0	27.0	28.0	29.0	30.0	31.0	32.0	33.0	34.0	35.0	36.0	37.0	38.0	39.0	40.0	41.0
fastQC | 271	1.0	17.0	122.0	369.0	881.0	1616.0	2606.0	4078.0	6249.0	9343.0	12530.0	16607.0	20480.0	24864.0	29682.0	34360.0	39931.0	46994.0	57184.0	75908.0	119399.0	300116.0	12533.0
	19.0	20.0	21.0	22.0	23.0	24.0	25.0	26.0	27.0	28.0	29.0	30.0	31.0	32.0	33.0	34.0	35.0	36.0	37.0	38.0	39.0	40.0	41.0
fastQC | 272	2.0	33.0	219.0	642.0	1370.0	2604.0	4345.0	7045.0	11175.0	16870.0	24098.0	32265.0	40595.0	50031.0	59978.0	70627.0	83042.0	99047.0	122460.0	166131.0	268100.0	734234.0	34366.0
	20.0	21.0	22.0	23.0	24.0	25.0	26.0	27.0	28.0	29.0	30.0	31.0	32.0	33.0	34.0	35.0	36.0	37.0	38.0	39.0	40.0	41.0
fastQC | 273	32.0	242.0	717.0	1462.0	2633.0	4341.0	6870.0	10925.0	15802.0	22182.0	29315.0	36974.0	44537.0	53924.0	62726.0	73372.0	87676.0	108206.0	144416.0	228202.0	599964.0	28239.0
	20.0	21.0	22.0	23.0	24.0	25.0	26.0	27.0	28.0	29.0	30.0	31.0	32.0	33.0	34.0	35.0	36.0	37.0	38.0	39.0	40.0	41.0
fastQC | 274	40.0	263.0	787.0	1601.0	2819.0	4748.0	7546.0	11499.0	16776.0	23085.0	30685.0	37905.0	46317.0	54841.0	63473.0	74809.0	88028.0	108153.0	144999.0	230843.0	600228.0	27456.0
	20.0	21.0	22.0	23.0	24.0	25.0	26.0	27.0	28.0	29.0	30.0	31.0	32.0	33.0	34.0	35.0	36.0	37.0	38.0	39.0	40.0	41.0
fastQC | 275	19.0	179.0	470.0	1070.0	2050.0	3537.0	5989.0	9571.0	14459.0	20472.0	27147.0	34165.0	41281.0	49613.0	57767.0	68190.0	80133.0	98182.0	132787.0	215247.0	587760.0	29909.0
	20.0	21.0	22.0	23.0	24.0	25.0	26.0	27.0	28.0	29.0	30.0	31.0	32.0	33.0	34.0	35.0	36.0	37.0	38.0	39.0	40.0	41.0
fastQC | 276	22.0	105.0	370.0	777.0	1662.0	2850.0	5176.0	8514.0	13327.0	19122.0	25491.0	32594.0	40132.0	48510.0	56828.0	67413.0	79121.0	97893.0	132509.0	216955.0	620228.0	31737.0
	20.0	21.0	22.0	23.0	24.0	25.0	26.0	27.0	28.0	29.0	30.0	31.0	32.0	33.0	34.0	35.0	36.0	37.0	38.0	39.0	40.0	41.0
fastQC | 277	35.0	290.0	773.0	1613.0	3194.0	5656.0	9570.0	15962.0	24360.0	34701.0	46293.0	58465.0	71517.0	84973.0	101488.0	119053.0	142277.0	175471.0	236806.0	387307.0	1058578.0	50834.0
	20.0	21.0	22.0	23.0	24.0	25.0	26.0	27.0	28.0	29.0	30.0	31.0	32.0	33.0	34.0	35.0	36.0	37.0	38.0	39.0	40.0	41.0
fastQC | 278	25.0	221.0	582.0	1315.0	2568.0	4512.0	7735.0	13075.0	19606.0	28158.0	37099.0	47144.0	57931.0	69723.0	82292.0	96438.0	114360.0	140831.0	190143.0	307234.0	830252.0	39872.0
	19.0	20.0	21.0	22.0	23.0	24.0	25.0	26.0	27.0	28.0	29.0	30.0	31.0	32.0	33.0	34.0	35.0	36.0	37.0	38.0	39.0	40.0	41.0
fastQC | 279	2.0	17.0	96.0	324.0	679.0	1385.0	2413.0	4055.0	6695.0	10245.0	14326.0	19243.0	24218.0	29731.0	35327.0	41596.0	47910.0	56347.0	68288.0	91854.0	147890.0	402533.0	19156.0
	20.0	21.0	22.0	23.0	24.0	25.0	26.0	27.0	28.0	29.0	30.0	31.0	32.0	33.0	34.0	35.0	36.0	37.0	38.0	39.0	40.0	41.0
fastQC | 28	43.0	226.0	719.0	1488.0	2661.0	4396.0	6948.0	10654.0	15880.0	22779.0	30093.0	38472.0	47701.0	57379.0	68206.0	81037.0	96591.0	120265.0	163032.0	260208.0	716238.0	49797.0
	20.0	21.0	22.0	23.0	24.0	25.0	26.0	27.0	28.0	29.0	30.0	31.0	32.0	33.0	34.0	35.0	36.0	37.0	38.0	39.0	40.0	41.0
fastQC | 280	28.0	165.0	556.0	1263.0	2431.0	4508.0	7821.0	13466.0	20880.0	30116.0	40553.0	52181.0	64600.0	78480.0	92768.0	108837.0	129269.0	158266.0	213243.0	346580.0	953647.0	50564.0
	19.0	20.0	21.0	22.0	23.0	24.0	25.0	26.0	27.0	28.0	29.0	30.0	31.0	32.0	33.0	34.0	35.0	36.0	37.0	38.0	39.0	40.0	41.0
fastQC | 281	1.0	16.0	119.0	358.0	810.0	1616.0	2762.0	4667.0	7797.0	11569.0	16260.0	21659.0	27548.0	33249.0	39983.0	47034.0	55221.0	65301.0	80639.0	109448.0	176305.0	482497.0	24490.0
	20.0	21.0	22.0	23.0	24.0	25.0	26.0	27.0	28.0	29.0	30.0	31.0	32.0	33.0	34.0	35.0	36.0	37.0	38.0	39.0	40.0	41.0
fastQC | 282	14.0	163.0	488.0	1132.0	2083.0	3657.0	6079.0	9896.0	15106.0	20923.0	28037.0	34904.0	42997.0	50754.0	60352.0	70179.0	82684.0	101854.0	137246.0	219398.0	579456.0	27023.0
	20.0	21.0	22.0	23.0	24.0	25.0	26.0	27.0	28.0	29.0	30.0	31.0	32.0	33.0	34.0	35.0	36.0	37.0	38.0	39.0	40.0	41.0
fastQC | 283	73.0	463.0	1317.0	2927.0	5456.0	9508.0	16033.0	26037.0	39496.0	55670.0	73170.0	92543.0	112057.0	134198.0	157153.0	184199.0	218868.0	267121.0	358547.0	574097.0	1523987.0	67555.0
	20.0	21.0	22.0	23.0	24.0	25.0	26.0	27.0	28.0	29.0	30.0	31.0	32.0	33.0	34.0	35.0	36.0	37.0	38.0	39.0	40.0	41.0
fastQC | 284	111.0	628.0	1859.0	4168.0	7881.0	13851.0	23424.0	38200.0	58191.0	81024.0	107812.0	136315.0	165625.0	198360.0	234529.0	273800.0	325471.0	396080.0	530287.0	854964.0	2323353.0	105198.0
	20.0	21.0	22.0	23.0	24.0	25.0	26.0	27.0	28.0	29.0	30.0	31.0	32.0	33.0	34.0	35.0	36.0	37.0	38.0	39.0	40.0	41.0
fastQC | 285	34.0	246.0	802.0	1687.0	3130.0	5669.0	9334.0	15075.0	23106.0	32649.0	42857.0	55549.0	67709.0	80065.0	95304.0	111743.0	132054.0	163451.0	221490.0	364065.0	1055099.0	53491.0
	20.0	21.0	22.0	23.0	24.0	25.0	26.0	27.0	28.0	29.0	30.0	31.0	32.0	33.0	34.0	35.0	36.0	37.0	38.0	39.0	40.0	41.0
fastQC | 286	53.0	329.0	1005.0	2121.0	3797.0	6548.0	10955.0	17884.0	26960.0	38181.0	50853.0	64656.0	79364.0	94933.0	111972.0	131189.0	155631.0	192873.0	263206.0	431661.0	1252442.0	66436.0
	20.0	21.0	22.0	23.0	24.0	25.0	26.0	27.0	28.0	29.0	30.0	31.0	32.0	33.0	34.0	35.0	36.0	37.0	38.0	39.0	40.0	41.0
fastQC | 287	68.0	488.0	1506.0	3227.0	5988.0	10603.0	18128.0	29587.0	44805.0	63122.0	83507.0	105235.0	128884.0	153589.0	182470.0	214274.0	253077.0	307617.0	411734.0	656861.0	1714925.0	69059.0
	20.0	21.0	22.0	23.0	24.0	25.0	26.0	27.0	28.0	29.0	30.0	31.0	32.0	33.0	34.0	35.0	36.0	37.0	38.0	39.0	40.0	41.0
fastQC | 288	27.0	156.0	535.0	1127.0	1996.0	3715.0	6335.0	10061.0	15469.0	22016.0	28979.0	37064.0	44761.0	54468.0	63794.0	74912.0	88401.0	109545.0	145400.0	234304.0	660209.0	31538.0
	19.0	20.0	21.0	22.0	23.0	24.0	25.0	26.0	27.0	28.0	29.0	30.0	31.0	32.0	33.0	34.0	35.0	36.0	37.0	38.0	39.0	40.0	41.0
fastQC | 289	2.0	57.0	460.0	1388.0	2897.0	5596.0	9724.0	16613.0	27085.0	41171.0	58337.0	77779.0	98079.0	119983.0	143372.0	169221.0	198102.0	235004.0	289077.0	390165.0	635351.0	1774095.0	87588.0
	20.0	21.0	22.0	23.0	24.0	25.0	26.0	27.0	28.0	29.0	30.0	31.0	32.0	33.0	34.0	35.0	36.0	37.0	38.0	39.0	40.0	41.0
fastQC | 29	30.0	253.0	700.0	1598.0	2846.0	4749.0	7884.0	12108.0	17922.0	24992.0	33885.0	42495.0	52561.0	62563.0	74476.0	87501.0	104614.0	128792.0	173207.0	277236.0	739079.0	48456.0
	19.0	20.0	21.0	22.0	23.0	24.0	25.0	26.0	27.0	28.0	29.0	30.0	31.0	32.0	33.0	34.0	35.0	36.0	37.0	38.0	39.0	40.0	41.0
fastQC | 290	2.0	54.0	354.0	880.0	1789.0	3095.0	5158.0	8611.0	14216.0	21310.0	30709.0	40258.0	51554.0	63769.0	75507.0	89497.0	105148.0	125243.0	155351.0	211736.0	353118.0	1074994.0	55475.0
	20.0	21.0	22.0	23.0	24.0	25.0	26.0	27.0	28.0	29.0	30.0	31.0	32.0	33.0	34.0	35.0	36.0	37.0	38.0	39.0	40.0	41.0
fastQC | 291	110.0	754.0	2368.0	5245.0	9781.0	17326.0	30434.0	51297.0	79173.0	112880.0	149057.0	187145.0	225494.0	266784.0	311916.0	364985.0	430199.0	529640.0	721446.0	1225377.0	2850570.0	33709.0
	19.0	20.0	21.0	22.0	23.0	24.0	25.0	26.0	27.0	28.0	29.0	30.0	31.0	32.0	33.0	34.0	35.0	36.0	37.0	38.0	39.0	40.0	41.0
fastQC | 292	1.0	92.0	684.0	2058.0	4408.0	8060.0	13278.0	21954.0	35229.0	52420.0	73908.0	96807.0	119389.0	144191.0	169447.0	196885.0	228994.0	270902.0	336538.0	457205.0	765659.0	1670715.0	16974.0
	19.0	20.0	21.0	22.0	23.0	24.0	25.0	26.0	27.0	28.0	29.0	30.0	31.0	32.0	33.0	34.0	35.0	36.0	37.0	38.0	39.0	40.0	41.0
fastQC | 293	1.0	66.0	554.0	1569.0	3444.0	6223.0	11013.0	18637.0	30570.0	47735.0	67373.0	87931.0	111265.0	133674.0	158371.0	184219.0	216559.0	255882.0	317029.0	432255.0	734590.0	1682890.0	18784.0
	19.0	20.0	21.0	22.0	23.0	24.0	25.0	26.0	27.0	28.0	29.0	30.0	31.0	32.0	33.0	34.0	35.0	36.0	37.0	38.0	39.0	40.0	41.0
fastQC | 294	1.0	107.0	727.0	2256.0	4737.0	8497.0	14629.0	24035.0	38277.0	57122.0	80488.0	104448.0	130493.0	157853.0	186375.0	217444.0	253282.0	297952.0	368805.0	497721.0	832324.0	1837643.0	19734.0
	19.0	20.0	21.0	22.0	23.0	24.0	25.0	26.0	27.0	28.0	29.0	30.0	31.0	32.0	33.0	34.0	35.0	36.0	37.0	38.0	39.0	40.0	41.0
fastQC | 295	1.0	111.0	825.0	2460.0	5002.0	9096.0	15148.0	24133.0	37622.0	55328.0	76910.0	99608.0	124740.0	150563.0	177491.0	206727.0	240418.0	282540.0	347946.0	467968.0	766309.0	1519257.0	12830.0
	19.0	20.0	21.0	22.0	23.0	24.0	25.0	26.0	27.0	28.0	29.0	30.0	31.0	32.0	33.0	34.0	35.0	36.0	37.0	38.0	39.0	40.0	41.0
fastQC | 296	1.0	109.0	614.0	1866.0	4138.0	7376.0	12677.0	20959.0	33040.0	50112.0	70066.0	92777.0	116078.0	139686.0	164689.0	192859.0	225458.0	266310.0	329106.0	445040.0	738210.0	1591445.0	16042.0
	20.0	21.0	22.0	23.0	24.0	25.0	26.0	27.0	28.0	29.0	30.0	31.0	32.0	33.0	34.0	35.0	36.0	37.0	38.0	39.0	40.0	41.0
fastQC | 297	75.0	499.0	1582.0	3460.0	6246.0	10859.0	18244.0	29818.0	45427.0	65022.0	85471.0	106940.0	129204.0	152379.0	178411.0	207798.0	246759.0	304801.0	415176.0	700950.0	1582290.0	17902.0
	19.0	20.0	21.0	22.0	23.0	24.0	25.0	26.0	27.0	28.0	29.0	30.0	31.0	32.0	33.0	34.0	35.0	36.0	37.0	38.0	39.0	40.0	41.0
fastQC | 298	2.0	136.0	809.0	2471.0	5406.0	9916.0	16895.0	27998.0	45086.0	68343.0	96070.0	126594.0	156649.0	189074.0	222638.0	260780.0	303646.0	360290.0	443111.0	598869.0	1000989.0	2163799.0	21474.0
	20.0	21.0	22.0	23.0	24.0	25.0	26.0	27.0	28.0	29.0	30.0	31.0	32.0	33.0	34.0	35.0	36.0	37.0	38.0	39.0	40.0	41.0
fastQC | 299	45.0	240.0	793.0	1701.0	3226.0	5843.0	10379.0	16822.0	26641.0	38547.0	51841.0	65855.0	82008.0	98418.0	116230.0	136828.0	163390.0	204201.0	278448.0	456210.0	1237833.0	60998.0
	20.0	21.0	22.0	23.0	24.0	25.0	26.0	27.0	28.0	29.0	30.0	31.0	32.0	33.0	34.0	35.0	36.0	37.0	38.0	39.0	40.0	41.0
fastQC | 3	45.0	238.0	698.0	1432.0	2614.0	4427.0	7501.0	11906.0	17385.0	23874.0	30597.0	37057.0	44015.0	50072.0	57213.0	65357.0	76639.0	93380.0	127424.0	205169.0	327525.0	1478.0
	19.0	20.0	21.0	22.0	23.0	24.0	25.0	26.0	27.0	28.0	29.0	30.0	31.0	32.0	33.0	34.0	35.0	36.0	37.0	38.0	39.0	40.0	41.0
fastQC | 30	1.0	54.0	340.0	857.0	1761.0	3092.0	5018.0	7600.0	11520.0	16602.0	22767.0	29783.0	37891.0	46718.0	55912.0	65899.0	76962.0	91615.0	111555.0	147760.0	223431.0	606742.0	44138.0
	20.0	21.0	22.0	23.0	24.0	25.0	26.0	27.0	28.0	29.0	30.0	31.0	32.0	33.0	34.0	35.0	36.0	37.0	38.0	39.0	40.0	41.0
fastQC | 300	41.0	231.0	784.0	1559.0	2899.0	5213.0	8589.0	14019.0	21234.0	30180.0	39766.0	50407.0	62163.0	73864.0	87314.0	102620.0	122140.0	150362.0	201913.0	328586.0	895195.0	44208.0
	19.0	20.0	21.0	22.0	23.0	24.0	25.0	26.0	27.0	28.0	29.0	30.0	31.0	32.0	33.0	34.0	35.0	36.0	37.0	38.0	39.0	40.0	41.0
fastQC | 301	1.0	98.0	675.0	2059.0	4362.0	7946.0	13958.0	24001.0	39863.0	60763.0	86017.0	113875.0	144161.0	175700.0	209991.0	248956.0	291764.0	346274.0	427336.0	577493.0	938553.0	2535134.0	117014.0
	20.0	21.0	22.0	23.0	24.0	25.0	26.0	27.0	28.0	29.0	30.0	31.0	32.0	33.0	34.0	35.0	36.0	37.0	38.0	39.0	40.0	41.0
fastQC | 302	72.0	427.0	1350.0	2947.0	5435.0	9650.0	16614.0	27084.0	41795.0	60125.0	80108.0	102843.0	127353.0	153879.0	181925.0	214345.0	257067.0	319774.0	438548.0	724518.0	2018279.0	98989.0
	20.0	21.0	22.0	23.0	24.0	25.0	26.0	27.0	28.0	29.0	30.0	31.0	32.0	33.0	34.0	35.0	36.0	37.0	38.0	39.0	40.0	41.0
fastQC | 303	35.0	243.0	806.0	1690.0	3290.0	5850.0	10034.0	16530.0	25502.0	36310.0	48981.0	62260.0	76863.0	92266.0	108638.0	126334.0	150436.0	186294.0	252255.0	413229.0	1096324.0	50909.0
	20.0	21.0	22.0	23.0	24.0	25.0	26.0	27.0	28.0	29.0	30.0	31.0	32.0	33.0	34.0	35.0	36.0	37.0	38.0	39.0	40.0	41.0
fastQC | 304	26.0	263.0	783.0	1689.0	3425.0	6213.0	10848.0	19028.0	29420.0	43678.0	59545.0	77646.0	95778.0	117061.0	140039.0	166920.0	199861.0	250161.0	342273.0	568396.0	1613730.0	81558.0
	20.0	21.0	22.0	23.0	24.0	25.0	26.0	27.0	28.0	29.0	30.0	31.0	32.0	33.0	34.0	35.0	36.0	37.0	38.0	39.0	40.0	41.0
fastQC | 305	31.0	261.0	800.0	1706.0	3264.0	6114.0	10937.0	18885.0	29272.0	43195.0	58882.0	76592.0	95427.0	116886.0	140634.0	169088.0	203982.0	255308.0	348660.0	579822.0	1668344.0	87895.0
	19.0	20.0	21.0	22.0	23.0	24.0	25.0	26.0	27.0	28.0	29.0	30.0	31.0	32.0	33.0	34.0	35.0	36.0	37.0	38.0	39.0	40.0	41.0
fastQC | 306	1.0	109.0	761.0	2273.0	4920.0	8855.0	15121.0	25240.0	40530.0	60802.0	84993.0	111220.0	139456.0	168695.0	200365.0	233983.0	273449.0	323696.0	396715.0	533349.0	842080.0	2056923.0	79685.0
	19.0	20.0	21.0	22.0	23.0	24.0	25.0	26.0	27.0	28.0	29.0	30.0	31.0	32.0	33.0	34.0	35.0	36.0	37.0	38.0	39.0	40.0	41.0
fastQC | 307	1.0	39.0	345.0	1028.0	2257.0	4140.0	7238.0	11999.0	19103.0	29389.0	41321.0	55957.0	71255.0	87674.0	106459.0	125286.0	149852.0	178024.0	221642.0	299924.0	484416.0	1337877.0	73941.0
	20.0	21.0	22.0	23.0	24.0	25.0	26.0	27.0	28.0	29.0	30.0	31.0	32.0	33.0	34.0	35.0	36.0	37.0	38.0	39.0	40.0	41.0
fastQC | 308	61.0	319.0	995.0	2283.0	4181.0	7074.0	11824.0	18445.0	27943.0	38842.0	51456.0	64925.0	79220.0	94124.0	112193.0	131391.0	155656.0	192383.0	260354.0	414084.0	1107106.0	58084.0
	20.0	21.0	22.0	23.0	24.0	25.0	26.0	27.0	28.0	29.0	30.0	31.0	32.0	33.0	34.0	35.0	36.0	37.0	38.0	39.0	40.0	41.0
fastQC | 309	32.0	312.0	958.0	2012.0	3635.0	6204.0	10057.0	16265.0	24675.0	34601.0	46334.0	58119.0	71712.0	86087.0	101467.0	120005.0	142833.0	177612.0	239792.0	389029.0	1074787.0	58786.0
	20.0	21.0	22.0	23.0	24.0	25.0	26.0	27.0	28.0	29.0	30.0	31.0	32.0	33.0	34.0	35.0	36.0	37.0	38.0	39.0	40.0	41.0
fastQC | 31	32.0	139.0	478.0	1107.0	1954.0	3398.0	5572.0	9110.0	13822.0	20062.0	26863.0	34667.0	43456.0	52233.0	62831.0	75037.0	90301.0	111063.0	150280.0	242213.0	673010.0	47231.0
	20.0	21.0	22.0	23.0	24.0	25.0	26.0	27.0	28.0	29.0	30.0	31.0	32.0	33.0	34.0	35.0	36.0	37.0	38.0	39.0	40.0	41.0
fastQC | 310	64.0	449.0	1264.0	2901.0	5106.0	8446.0	13749.0	21498.0	31988.0	44861.0	59690.0	75159.0	92741.0	110479.0	130721.0	154239.0	185079.0	229434.0	309735.0	498668.0	1381730.0	75971.0
	19.0	20.0	21.0	22.0	23.0	24.0	25.0	26.0	27.0	28.0	29.0	30.0	31.0	32.0	33.0	34.0	35.0	36.0	37.0	38.0	39.0	40.0	41.0
fastQC | 311	1.0	46.0	425.0	1331.0	2802.0	5100.0	8490.0	14102.0	22197.0	33267.0	46583.0	61669.0	77776.0	96090.0	114798.0	135993.0	158786.0	189941.0	235114.0	317216.0	508348.0	1364822.0	69813.0
	19.0	20.0	21.0	22.0	23.0	24.0	25.0	26.0	27.0	28.0	29.0	30.0	31.0	32.0	33.0	34.0	35.0	36.0	37.0	38.0	39.0	40.0	41.0
fastQC | 312	1.0	65.0	402.0	1109.0	2341.0	4383.0	7259.0	11599.0	18510.0	27628.0	39200.0	52434.0	67226.0	83507.0	100384.0	120052.0	142774.0	171553.0	212954.0	288770.0	455671.0	1254756.0	74529.0
	19.0	20.0	21.0	22.0	23.0	24.0	25.0	26.0	27.0	28.0	29.0	30.0	31.0	32.0	33.0	34.0	35.0	36.0	37.0	38.0	39.0	40.0	41.0
fastQC | 313	1.0	56.0	379.0	1190.0	2503.0	4543.0	7918.0	12885.0	20998.0	31541.0	44688.0	60799.0	77665.0	96248.0	116348.0	138609.0	164486.0	196885.0	245106.0	330261.0	526989.0	1448924.0	82708.0
	20.0	21.0	22.0	23.0	24.0	25.0	26.0	27.0	28.0	29.0	30.0	31.0	32.0	33.0	34.0	35.0	36.0	37.0	38.0	39.0	40.0	41.0
fastQC | 314	38.0	314.0	956.0	2099.0	3688.0	6361.0	10509.0	16565.0	24784.0	34877.0	46519.0	58412.0	71537.0	86322.0	101191.0	119360.0	142554.0	176710.0	239613.0	382630.0	1029406.0	52911.0
	19.0	20.0	21.0	22.0	23.0	24.0	25.0	26.0	27.0	28.0	29.0	30.0	31.0	32.0	33.0	34.0	35.0	36.0	37.0	38.0	39.0	40.0	41.0
fastQC | 315	1.0	47.0	346.0	1065.0	2177.0	4092.0	7242.0	11693.0	19351.0	29355.0	41388.0	55318.0	70549.0	85949.0	102994.0	121427.0	141804.0	167699.0	205388.0	276660.0	449818.0	1241280.0	66710.0
	19.0	20.0	21.0	22.0	23.0	24.0	25.0	26.0	27.0	28.0	29.0	30.0	31.0	32.0	33.0	34.0	35.0	36.0	37.0	38.0	39.0	40.0	41.0
fastQC | 316	1.0	46.0	327.0	1119.0	2309.0	4088.0	7168.0	11682.0	18580.0	27952.0	39150.0	51954.0	65706.0	80380.0	95944.0	112722.0	132713.0	155859.0	191237.0	256953.0	410604.0	1126626.0	62495.0
	19.0	20.0	21.0	22.0	23.0	24.0	25.0	26.0	27.0	28.0	29.0	30.0	31.0	32.0	33.0	34.0	35.0	36.0	37.0	38.0	39.0	40.0	41.0
fastQC | 317	1.0	47.0	356.0	977.0	2144.0	3980.0	6570.0	11263.0	18209.0	27539.0	38609.0	51445.0	65128.0	78851.0	95335.0	111981.0	131263.0	156020.0	192100.0	259933.0	418880.0	1160703.0	63027.0
	20.0	21.0	22.0	23.0	24.0	25.0	26.0	27.0	28.0	29.0	30.0	31.0	32.0	33.0	34.0	35.0	36.0	37.0	38.0	39.0	40.0	41.0
fastQC | 318	34.0	250.0	721.0	1653.0	3054.0	5258.0	8994.0	14795.0	22808.0	32338.0	43390.0	55394.0	68551.0	82305.0	97720.0	115755.0	137702.0	170527.0	231835.0	379532.0	1087849.0	60569.0
	19.0	20.0	21.0	22.0	23.0	24.0	25.0	26.0	27.0	28.0	29.0	30.0	31.0	32.0	33.0	34.0	35.0	36.0	37.0	38.0	39.0	40.0	41.0
fastQC | 319	1.0	55.0	404.0	1280.0	2788.0	5083.0	8647.0	14198.0	22960.0	34549.0	48529.0	64241.0	81605.0	100233.0	120196.0	142315.0	165215.0	193164.0	235532.0	315111.0	501464.0	1335215.0	69158.0
	20.0	21.0	22.0	23.0	24.0	25.0	26.0	27.0	28.0	29.0	30.0	31.0	32.0	33.0	34.0	35.0	36.0	37.0	38.0	39.0	40.0	41.0
fastQC | 32	37.0	366.0	980.0	2097.0	3512.0	5473.0	8198.0	11962.0	17117.0	23139.0	30090.0	37839.0	45482.0	54276.0	63447.0	74255.0	87359.0	106436.0	140834.0	213547.0	568345.0	38524.0
	20.0	21.0	22.0	23.0	24.0	25.0	26.0	27.0	28.0	29.0	30.0	31.0	32.0	33.0	34.0	35.0	36.0	37.0	38.0	39.0	40.0	41.0
fastQC | 320	50.0	345.0	1131.0	2395.0	4414.0	7775.0	12900.0	20772.0	31707.0	45115.0	60594.0	77189.0	94867.0	113802.0	134738.0	158104.0	189503.0	232587.0	312878.0	504762.0	1427441.0	83128.0
	20.0	21.0	22.0	23.0	24.0	25.0	26.0	27.0	28.0	29.0	30.0	31.0	32.0	33.0	34.0	35.0	36.0	37.0	38.0	39.0	40.0	41.0
fastQC | 321	41.0	428.0	1239.0	2708.0	4758.0	8055.0	13084.0	20413.0	30734.0	43001.0	56807.0	70923.0	86583.0	103216.0	120799.0	142593.0	168601.0	206396.0	275698.0	436821.0	1182743.0	64235.0
	19.0	20.0	21.0	22.0	23.0	24.0	25.0	26.0	27.0	28.0	29.0	30.0	31.0	32.0	33.0	34.0	35.0	36.0	37.0	38.0	39.0	40.0	41.0
fastQC | 322	2.0	26.0	212.0	626.0	1421.0	2652.0	4878.0	7950.0	13291.0	20475.0	29071.0	39011.0	49912.0	60954.0	73704.0	87319.0	103869.0	123214.0	153086.0	207036.0	338156.0	967244.0	53443.0
	19.0	20.0	21.0	22.0	23.0	24.0	25.0	26.0	27.0	28.0	29.0	30.0	31.0	32.0	33.0	34.0	35.0	36.0	37.0	38.0	39.0	40.0	41.0
fastQC | 323	1.0	92.0	497.0	1600.0	3379.0	6072.0	10270.0	16679.0	26485.0	39791.0	56076.0	74312.0	94922.0	115693.0	139506.0	163462.0	193173.0	229714.0	282130.0	379585.0	611508.0	1733912.0	98811.0
	19.0	20.0	21.0	22.0	23.0	24.0	25.0	26.0	27.0	28.0	29.0	30.0	31.0	32.0	33.0	34.0	35.0	36.0	37.0	38.0	39.0	40.0	41.0
fastQC | 324	2.0	78.0	649.0	1827.0	3946.0	7239.0	11923.0	19162.0	29552.0	43833.0	61129.0	80770.0	101759.0	124006.0	147768.0	173052.0	201444.0	235866.0	285226.0	379214.0	596272.0	1587357.0	83873.0
	20.0	21.0	22.0	23.0	24.0	25.0	26.0	27.0	28.0	29.0	30.0	31.0	32.0	33.0	34.0	35.0	36.0	37.0	38.0	39.0	40.0	41.0
fastQC | 325	61.0	406.0	1167.0	2729.0	4945.0	8546.0	14244.0	23605.0	36087.0	51870.0	69892.0	90133.0	110009.0	133121.0	158776.0	187877.0	225371.0	278711.0	381708.0	626652.0	1799207.0	96703.0
	20.0	21.0	22.0	23.0	24.0	25.0	26.0	27.0	28.0	29.0	30.0	31.0	32.0	33.0	34.0	35.0	36.0	37.0	38.0	39.0	40.0	41.0
fastQC | 326	96.0	661.0	2027.0	4276.0	7598.0	12818.0	20892.0	32907.0	49092.0	68454.0	91465.0	115379.0	141035.0	167863.0	198363.0	233443.0	278789.0	344395.0	464230.0	746825.0	2089453.0	108912.0
	19.0	20.0	21.0	22.0	23.0	24.0	25.0	26.0	27.0	28.0	29.0	30.0	31.0	32.0	33.0	34.0	35.0	36.0	37.0	38.0	39.0	40.0	41.0
fastQC | 327	2.0	81.0	608.0	1803.0	3870.0	7109.0	12213.0	19726.0	31235.0	47368.0	66080.0	88028.0	111708.0	137020.0	164560.0	194474.0	228620.0	271472.0	334908.0	449600.0	719839.0	1975880.0	102381.0
	20.0	21.0	22.0	23.0	24.0	25.0	26.0	27.0	28.0	29.0	30.0	31.0	32.0	33.0	34.0	35.0	36.0	37.0	38.0	39.0	40.0	41.0
fastQC | 328	68.0	423.0	1351.0	2828.0	5177.0	8740.0	14782.0	23958.0	36223.0	52353.0	70011.0	89157.0	110788.0	133016.0	158491.0	187923.0	224202.0	279263.0	379154.0	613106.0	1752772.0	100185.0
	20.0	21.0	22.0	23.0	24.0	25.0	26.0	27.0	28.0	29.0	30.0	31.0	32.0	33.0	34.0	35.0	36.0	37.0	38.0	39.0	40.0	41.0
fastQC | 329	55.0	437.0	1307.0	2800.0	5142.0	8960.0	14944.0	24048.0	36840.0	52152.0	70456.0	90351.0	111395.0	134711.0	159856.0	188747.0	226136.0	280490.0	379964.0	617711.0	1755377.0	100712.0
	20.0	21.0	22.0	23.0	24.0	25.0	26.0	27.0	28.0	29.0	30.0	31.0	32.0	33.0	34.0	35.0	36.0	37.0	38.0	39.0	40.0	41.0
fastQC | 33	117.0	882.0	2722.0	5846.0	10398.0	16926.0	27274.0	42659.0	63310.0	89217.0	117656.0	149359.0	184471.0	220457.0	262073.0	308602.0	365538.0	449063.0	598698.0	940648.0	2661857.0	200022.0
	20.0	21.0	22.0	23.0	24.0	25.0	26.0	27.0	28.0	29.0	30.0	31.0	32.0	33.0	34.0	35.0	36.0	37.0	38.0	39.0	40.0	41.0
fastQC | 330	73.0	596.0	1682.0	3451.0	6059.0	9912.0	15260.0	22785.0	33375.0	45874.0	60082.0	75223.0	91078.0	108882.0	127915.0	149948.0	177380.0	216942.0	289160.0	454711.0	1232696.0	67919.0
	20.0	21.0	22.0	23.0	24.0	25.0	26.0	27.0	28.0	29.0	30.0	31.0	32.0	33.0	34.0	35.0	36.0	37.0	38.0	39.0	40.0	41.0
fastQC | 34	32.0	211.0	667.0	1317.0	2403.0	3855.0	6636.0	10104.0	15002.0	20613.0	27801.0	34849.0	42841.0	51022.0	60978.0	71140.0	84097.0	103026.0	137238.0	214467.0	604422.0	43015.0
	20.0	21.0	22.0	23.0	24.0	25.0	26.0	27.0	28.0	29.0	30.0	31.0	32.0	33.0	34.0	35.0	36.0	37.0	38.0	39.0	40.0	41.0
fastQC | 35	16.0	163.0	508.0	1084.0	2087.0	3493.0	5786.0	9565.0	14873.0	21060.0	27997.0	35818.0	44332.0	54218.0	63607.0	75575.0	90177.0	112083.0	150509.0	244749.0	711627.0	50454.0
	20.0	21.0	22.0	23.0	24.0	25.0	26.0	27.0	28.0	29.0	30.0	31.0	32.0	33.0	34.0	35.0	36.0	37.0	38.0	39.0	40.0	41.0
fastQC | 36	39.0	328.0	989.0	2004.0	3713.0	6339.0	10032.0	15966.0	24036.0	33574.0	44565.0	56917.0	70574.0	84896.0	100601.0	118479.0	140914.0	172660.0	230874.0	363822.0	1015140.0	71513.0
	19.0	20.0	21.0	22.0	23.0	24.0	25.0	26.0	27.0	28.0	29.0	30.0	31.0	32.0	33.0	34.0	35.0	36.0	37.0	38.0	39.0	40.0	41.0
fastQC | 37	2.0	117.0	808.0	2377.0	5139.0	9471.0	16043.0	26095.0	41597.0	62265.0	88457.0	117403.0	150218.0	184436.0	221079.0	262145.0	307884.0	365896.0	450430.0	605783.0	969375.0	2725492.0	188662.0
	20.0	21.0	22.0	23.0	24.0	25.0	26.0	27.0	28.0	29.0	30.0	31.0	32.0	33.0	34.0	35.0	36.0	37.0	38.0	39.0	40.0	41.0
fastQC | 38	26.0	202.0	603.0	1249.0	2261.0	3934.0	6407.0	10318.0	15810.0	22661.0	30213.0	39392.0	48537.0	59118.0	70132.0	82893.0	99442.0	123269.0	164666.0	262613.0	765932.0	58824.0
	20.0	21.0	22.0	23.0	24.0	25.0	26.0	27.0	28.0	29.0	30.0	31.0	32.0	33.0	34.0	35.0	36.0	37.0	38.0	39.0	40.0	41.0
fastQC | 39	13.0	109.0	286.0	662.0	1175.0	2038.0	3428.0	5677.0	8760.0	12842.0	17396.0	22906.0	29172.0	35616.0	43191.0	51507.0	62143.0	75996.0	100993.0	158349.0	467506.0	35568.0
	20.0	21.0	22.0	23.0	24.0	25.0	26.0	27.0	28.0	29.0	30.0	31.0	32.0	33.0	34.0	35.0	36.0	37.0	38.0	39.0	40.0	41.0
fastQC | 4	20.0	149.0	482.0	1015.0	1872.0	3172.0	5426.0	8525.0	12821.0	18001.0	23485.0	29202.0	34600.0	40091.0	46186.0	52958.0	62184.0	75639.0	103951.0	171346.0	291794.0	1288.0
	20.0	21.0	22.0	23.0	24.0	25.0	26.0	27.0	28.0	29.0	30.0	31.0	32.0	33.0	34.0	35.0	36.0	37.0	38.0	39.0	40.0	41.0
fastQC | 40	40.0	219.0	677.0	1410.0	2617.0	4284.0	6730.0	10621.0	16138.0	23130.0	30316.0	39289.0	48329.0	58628.0	69137.0	82185.0	98100.0	121700.0	165186.0	263877.0	786038.0	58388.0
	19.0	20.0	21.0	22.0	23.0	24.0	25.0	26.0	27.0	28.0	29.0	30.0	31.0	32.0	33.0	34.0	35.0	36.0	37.0	38.0	39.0	40.0	41.0
fastQC | 41	2.0	74.0	457.0	1397.0	3079.0	5674.0	9711.0	16196.0	25295.0	38483.0	54616.0	72754.0	92457.0	113783.0	137067.0	162000.0	189746.0	225037.0	277174.0	371653.0	583584.0	1576671.0	110429.0
	20.0	21.0	22.0	23.0	24.0	25.0	26.0	27.0	28.0	29.0	30.0	31.0	32.0	33.0	34.0	35.0	36.0	37.0	38.0	39.0	40.0	41.0
fastQC | 42	21.0	177.0	576.0	1330.0	2564.0	4430.0	7693.0	13046.0	20165.0	28398.0	38883.0	49409.0	61147.0	73688.0	87465.0	102791.0	122387.0	150535.0	202739.0	325099.0	871286.0	56622.0
	19.0	20.0	21.0	22.0	23.0	24.0	25.0	26.0	27.0	28.0	29.0	30.0	31.0	32.0	33.0	34.0	35.0	36.0	37.0	38.0	39.0	40.0	41.0
fastQC | 43	1.0	18.0	111.0	319.0	762.0	1474.0	2713.0	5122.0	8864.0	14519.0	21168.0	29269.0	38367.0	48105.0	59076.0	70899.0	84554.0	101000.0	126415.0	173352.0	285366.0	811204.0	52711.0
	20.0	21.0	22.0	23.0	24.0	25.0	26.0	27.0	28.0	29.0	30.0	31.0	32.0	33.0	34.0	35.0	36.0	37.0	38.0	39.0	40.0	41.0
fastQC | 44	42.0	270.0	879.0	1951.0	3762.0	6747.0	11371.0	18746.0	29290.0	41648.0	55940.0	71431.0	88205.0	106250.0	125736.0	147310.0	175352.0	216238.0	291286.0	459645.0	1218951.0	71652.0
	20.0	21.0	22.0	23.0	24.0	25.0	26.0	27.0	28.0	29.0	30.0	31.0	32.0	33.0	34.0	35.0	36.0	37.0	38.0	39.0	40.0	41.0
fastQC | 45	99.0	581.0	1590.0	3700.0	6567.0	10954.0	17575.0	27914.0	41427.0	57788.0	75933.0	96064.0	117501.0	139824.0	165673.0	193996.0	227619.0	277487.0	368920.0	562569.0	1453372.0	88029.0
	20.0	21.0	22.0	23.0	24.0	25.0	26.0	27.0	28.0	29.0	30.0	31.0	32.0	33.0	34.0	35.0	36.0	37.0	38.0	39.0	40.0	41.0
fastQC | 46	21.0	117.0	388.0	800.0	1453.0	2571.0	4021.0	6457.0	9524.0	13038.0	17107.0	21224.0	26124.0	30960.0	35960.0	41734.0	48861.0	58720.0	79094.0	120628.0	312426.0	17378.0
	19.0	20.0	21.0	22.0	23.0	24.0	25.0	26.0	27.0	28.0	29.0	30.0	31.0	32.0	33.0	34.0	35.0	36.0	37.0	38.0	39.0	40.0	41.0
fastQC | 47	1.0	36.0	281.0	766.0	1626.0	3015.0	5236.0	8982.0	14256.0	22244.0	31938.0	42930.0	55712.0	68972.0	83701.0	99120.0	117270.0	138830.0	170977.0	229733.0	359290.0	969759.0	65479.0
	20.0	21.0	22.0	23.0	24.0	25.0	26.0	27.0	28.0	29.0	30.0	31.0	32.0	33.0	34.0	35.0	36.0	37.0	38.0	39.0	40.0	41.0
fastQC | 48	42.0	244.0	845.0	1805.0	3270.0	5827.0	9863.0	16247.0	24921.0	35468.0	47723.0	61445.0	75930.0	91299.0	109103.0	129368.0	152833.0	188131.0	252946.0	400583.0	1066651.0	68674.0
	19.0	20.0	21.0	22.0	23.0	24.0	25.0	26.0	27.0	28.0	29.0	30.0	31.0	32.0	33.0	34.0	35.0	36.0	37.0	38.0	39.0	40.0	41.0
fastQC | 49	2.0	122.0	869.0	2544.0	5421.0	9805.0	15837.0	24826.0	38610.0	56481.0	78796.0	103273.0	130121.0	159645.0	190922.0	223425.0	262757.0	309252.0	381949.0	508100.0	780249.0	2100614.0	159379.0
	19.0	20.0	21.0	22.0	23.0	24.0	25.0	26.0	27.0	28.0	29.0	30.0	31.0	32.0	33.0	34.0	35.0	36.0	37.0	38.0	39.0	40.0	41.0
fastQC | 5	1.0	55.0	330.0	987.0	1935.0	3519.0	5887.0	9872.0	15410.0	22937.0	31314.0	39984.0	48623.0	56836.0	64831.0	74284.0	84439.0	97685.0	118756.0	162344.0	260599.0	409933.0	1797.0
	20.0	21.0	22.0	23.0	24.0	25.0	26.0	27.0	28.0	29.0	30.0	31.0	32.0	33.0	34.0	35.0	36.0	37.0	38.0	39.0	40.0	41.0
fastQC | 50	106.0	775.0	2456.0	5273.0	9427.0	15352.0	23855.0	36243.0	52490.0	73995.0	96674.0	120760.0	146733.0	173660.0	203734.0	238430.0	282090.0	342244.0	453680.0	689517.0	1820985.0	131018.0
	19.0	20.0	21.0	22.0	23.0	24.0	25.0	26.0	27.0	28.0	29.0	30.0	31.0	32.0	33.0	34.0	35.0	36.0	37.0	38.0	39.0	40.0	41.0
fastQC | 51	1.0	100.0	785.0	2301.0	4885.0	9125.0	14978.0	24645.0	38544.0	57593.0	81404.0	108064.0	138009.0	168609.0	202333.0	239461.0	281709.0	336872.0	414435.0	553718.0	869192.0	2370360.0	170484.0
	19.0	20.0	21.0	22.0	23.0	24.0	25.0	26.0	27.0	28.0	29.0	30.0	31.0	32.0	33.0	34.0	35.0	36.0	37.0	38.0	39.0	40.0	41.0
fastQC | 52	2.0	239.0	1652.0	4762.0	10723.0	19387.0	32934.0	54122.0	85243.0	129638.0	183241.0	245760.0	314877.0	388710.0	469637.0	557293.0	655203.0	781034.0	962810.0	1290384.0	2025012.0	5488438.0	402019.0
	20.0	21.0	22.0	23.0	24.0	25.0	26.0	27.0	28.0	29.0	30.0	31.0	32.0	33.0	34.0	35.0	36.0	37.0	38.0	39.0	40.0	41.0
fastQC | 53	71.0	460.0	1421.0	3009.0	5231.0	9029.0	14350.0	22534.0	33198.0	45715.0	60962.0	76783.0	93863.0	112592.0	131804.0	154367.0	182762.0	224145.0	296365.0	454128.0	1183541.0	78939.0
	20.0	21.0	22.0	23.0	24.0	25.0	26.0	27.0	28.0	29.0	30.0	31.0	32.0	33.0	34.0	35.0	36.0	37.0	38.0	39.0	40.0	41.0
fastQC | 54	70.0	575.0	1708.0	3620.0	6975.0	12186.0	20596.0	33249.0	51177.0	74222.0	100104.0	129142.0	161803.0	197136.0	235644.0	279552.0	333265.0	413055.0	555461.0	878213.0	2416361.0	174365.0
	19.0	20.0	21.0	22.0	23.0	24.0	25.0	26.0	27.0	28.0	29.0	30.0	31.0	32.0	33.0	34.0	35.0	36.0	37.0	38.0	39.0	40.0	41.0
fastQC | 55	1.0	167.0	1285.0	3967.0	8663.0	15721.0	27550.0	46189.0	74054.0	112931.0	161973.0	217719.0	279413.0	345028.0	417177.0	498296.0	587252.0	699261.0	866127.0	1162295.0	1834530.0	5005114.0	363855.0
	20.0	21.0	22.0	23.0	24.0	25.0	26.0	27.0	28.0	29.0	30.0	31.0	32.0	33.0	34.0	35.0	36.0	37.0	38.0	39.0	40.0	41.0
fastQC | 56	69.0	496.0	1510.0	3242.0	5954.0	9829.0	15508.0	24179.0	36203.0	51263.0	67548.0	86121.0	106181.0	127342.0	151080.0	177327.0	211231.0	261375.0	349733.0	547314.0	1499297.0	112454.0
	19.0	20.0	21.0	22.0	23.0	24.0	25.0	26.0	27.0	28.0	29.0	30.0	31.0	32.0	33.0	34.0	35.0	36.0	37.0	38.0	39.0	40.0	41.0
fastQC | 57	1.0	78.0	640.0	1985.0	4244.0	7814.0	13581.0	22790.0	37564.0	57024.0	81475.0	107534.0	137438.0	168872.0	202005.0	238505.0	280338.0	332178.0	409120.0	548486.0	866652.0	2223034.0	120006.0
	19.0	20.0	21.0	22.0	23.0	24.0	25.0	26.0	27.0	28.0	29.0	30.0	31.0	32.0	33.0	34.0	35.0	36.0	37.0	38.0	39.0	40.0	41.0
fastQC | 58	1.0	64.0	428.0	1422.0	3104.0	5733.0	10134.0	16848.0	27193.0	41523.0	58993.0	77601.0	99144.0	121180.0	144233.0	170180.0	198915.0	236819.0	292224.0	394479.0	629290.0	1638593.0	91942.0
	19.0	20.0	21.0	22.0	23.0	24.0	25.0	26.0	27.0	28.0	29.0	30.0	31.0	32.0	33.0	34.0	35.0	36.0	37.0	38.0	39.0	40.0	41.0
fastQC | 59	2.0	59.0	419.0	1300.0	2803.0	5261.0	8946.0	14794.0	23728.0	35845.0	50311.0	66880.0	84994.0	104339.0	124049.0	146897.0	171435.0	202399.0	249190.0	334015.0	529813.0	1377955.0	76654.0
	20.0	21.0	22.0	23.0	24.0	25.0	26.0	27.0	28.0	29.0	30.0	31.0	32.0	33.0	34.0	35.0	36.0	37.0	38.0	39.0	40.0	41.0
fastQC | 6	56.0	380.0	1153.0	2489.0	4522.0	8002.0	13698.0	22631.0	34935.0	49121.0	64659.0	81175.0	97448.0	113948.0	131614.0	152931.0	178787.0	219917.0	301148.0	506374.0	938024.0	5182.0
	20.0	21.0	22.0	23.0	24.0	25.0	26.0	27.0	28.0	29.0	30.0	31.0	32.0	33.0	34.0	35.0	36.0	37.0	38.0	39.0	40.0	41.0
fastQC | 60	27.0	156.0	488.0	1131.0	2018.0	3481.0	5558.0	8879.0	13308.0	18262.0	24078.0	30663.0	37257.0	44135.0	51461.0	59883.0	69874.0	86267.0	114320.0	180622.0	472605.0	26362.0
	20.0	21.0	22.0	23.0	24.0	25.0	26.0	27.0	28.0	29.0	30.0	31.0	32.0	33.0	34.0	35.0	36.0	37.0	38.0	39.0	40.0	41.0
fastQC | 61	36.0	303.0	888.0	1765.0	3386.0	5625.0	8985.0	14065.0	20918.0	29258.0	38208.0	48013.0	57745.0	68677.0	80195.0	93877.0	110105.0	133994.0	178700.0	278102.0	681143.0	30443.0
	20.0	21.0	22.0	23.0	24.0	25.0	26.0	27.0	28.0	29.0	30.0	31.0	32.0	33.0	34.0	35.0	36.0	37.0	38.0	39.0	40.0	41.0
fastQC | 62	43.0	300.0	895.0	1912.0	3689.0	6043.0	9961.0	16100.0	23993.0	34059.0	45801.0	57838.0	70903.0	83952.0	99356.0	116398.0	136897.0	168799.0	223548.0	352702.0	903165.0	52521.0
	19.0	20.0	21.0	22.0	23.0	24.0	25.0	26.0	27.0	28.0	29.0	30.0	31.0	32.0	33.0	34.0	35.0	36.0	37.0	38.0	39.0	40.0	41.0
fastQC | 63	1.0	58.0	474.0	1372.0	3225.0	5865.0	10392.0	17883.0	29167.0	45474.0	65209.0	88100.0	112642.0	140112.0	169093.0	200999.0	235118.0	278819.0	343699.0	459885.0	731900.0	1889073.0	104445.0
	20.0	21.0	22.0	23.0	24.0	25.0	26.0	27.0	28.0	29.0	30.0	31.0	32.0	33.0	34.0	35.0	36.0	37.0	38.0	39.0	40.0	41.0
fastQC | 64	29.0	132.0	321.0	768.0	1354.0	2312.0	3781.0	6084.0	9491.0	13378.0	17652.0	22548.0	27946.0	33296.0	39014.0	46310.0	54135.0	66542.0	90478.0	144553.0	386338.0	22117.0
	20.0	21.0	22.0	23.0	24.0	25.0	26.0	27.0	28.0	29.0	30.0	31.0	32.0	33.0	34.0	35.0	36.0	37.0	38.0	39.0	40.0	41.0
fastQC | 65	17.0	108.0	397.0	855.0	1586.0	2680.0	4451.0	7399.0	11402.0	16870.0	22717.0	29500.0	36735.0	44862.0	53866.0	64489.0	77128.0	96169.0	130833.0	212783.0	606751.0	44979.0
	20.0	21.0	22.0	23.0	24.0	25.0	26.0	27.0	28.0	29.0	30.0	31.0	32.0	33.0	34.0	35.0	36.0	37.0	38.0	39.0	40.0	41.0
fastQC | 66	29.0	237.0	676.0	1423.0	2466.0	4241.0	6928.0	10739.0	16200.0	22983.0	30447.0	38466.0	48204.0	57725.0	68182.0	80037.0	94447.0	116301.0	154724.0	241531.0	638844.0	45324.0
	19.0	20.0	21.0	22.0	23.0	24.0	25.0	26.0	27.0	28.0	29.0	30.0	31.0	32.0	33.0	34.0	35.0	36.0	37.0	38.0	39.0	40.0	41.0
fastQC | 67	1.0	82.0	522.0	1540.0	3416.0	6358.0	10663.0	17820.0	28802.0	44043.0	63346.0	85368.0	109580.0	135284.0	164529.0	195634.0	231636.0	275510.0	342127.0	462589.0	739088.0	2035122.0	144466.0
	20.0	21.0	22.0	23.0	24.0	25.0	26.0	27.0	28.0	29.0	30.0	31.0	32.0	33.0	34.0	35.0	36.0	37.0	38.0	39.0	40.0	41.0
fastQC | 68	48.0	267.0	850.0	1891.0	3493.0	5859.0	9538.0	15384.0	23113.0	32963.0	43785.0	56266.0	69030.0	82905.0	97794.0	115543.0	138537.0	171281.0	232102.0	372665.0	1031803.0	73279.0
	20.0	21.0	22.0	23.0	24.0	25.0	26.0	27.0	28.0	29.0	30.0	31.0	32.0	33.0	34.0	35.0	36.0	37.0	38.0	39.0	40.0	41.0
fastQC | 69	93.0	612.0	1869.0	4085.0	7253.0	11973.0	19405.0	29869.0	45084.0	62853.0	84178.0	106299.0	130603.0	157718.0	185880.0	219479.0	260717.0	321454.0	430302.0	669990.0	1773398.0	122946.0
	20.0	21.0	22.0	23.0	24.0	25.0	26.0	27.0	28.0	29.0	30.0	31.0	32.0	33.0	34.0	35.0	36.0	37.0	38.0	39.0	40.0	41.0
fastQC | 7	50.0	316.0	964.0	1995.0	3634.0	6442.0	10747.0	17132.0	25988.0	36212.0	46735.0	57315.0	68779.0	79106.0	91337.0	104800.0	121905.0	149154.0	202433.0	332127.0	544960.0	2680.0
	20.0	21.0	22.0	23.0	24.0	25.0	26.0	27.0	28.0	29.0	30.0	31.0	32.0	33.0	34.0	35.0	36.0	37.0	38.0	39.0	40.0	41.0
fastQC | 70	80.0	667.0	1903.0	4121.0	7578.0	12704.0	20570.0	32508.0	49453.0	70066.0	93831.0	120553.0	149155.0	179983.0	212897.0	251332.0	299290.0	370455.0	494459.0	774494.0	2098596.0	159763.0
	20.0	21.0	22.0	23.0	24.0	25.0	26.0	27.0	28.0	29.0	30.0	31.0	32.0	33.0	34.0	35.0	36.0	37.0	38.0	39.0	40.0	41.0
fastQC | 71	21.0	144.0	442.0	1041.0	1970.0	3137.0	5251.0	8292.0	12402.0	18170.0	23991.0	30715.0	38151.0	46317.0	54543.0	64283.0	77266.0	94758.0	127765.0	199316.0	540885.0	40319.0
	20.0	21.0	22.0	23.0	24.0	25.0	26.0	27.0	28.0	29.0	30.0	31.0	32.0	33.0	34.0	35.0	36.0	37.0	38.0	39.0	40.0	41.0
fastQC | 72	18.0	130.0	383.0	820.0	1441.0	2514.0	3935.0	6406.0	9772.0	13475.0	18070.0	22627.0	27581.0	33130.0	39061.0	45672.0	55140.0	67484.0	90785.0	142014.0	376881.0	25188.0
	19.0	20.0	21.0	22.0	23.0	24.0	25.0	26.0	27.0	28.0	29.0	30.0	31.0	32.0	33.0	34.0	35.0	36.0	37.0	38.0	39.0	40.0	41.0
fastQC | 73	2.0	172.0	1306.0	4047.0	9037.0	16506.0	28327.0	47110.0	76260.0	116028.0	165632.0	221247.0	281241.0	346822.0	418197.0	494588.0	581643.0	690810.0	851477.0	1143891.0	1817268.0	4980887.0	338101.0
	19.0	20.0	21.0	22.0	23.0	24.0	25.0	26.0	27.0	28.0	29.0	30.0	31.0	32.0	33.0	34.0	35.0	36.0	37.0	38.0	39.0	40.0	41.0
fastQC | 74	4.0	196.0	1328.0	3955.0	8403.0	15519.0	26158.0	42499.0	67152.0	100851.0	141377.0	188552.0	238892.0	292258.0	347684.0	409750.0	480057.0	566640.0	695246.0	927358.0	1447528.0	3921014.0	270945.0
	20.0	21.0	22.0	23.0	24.0	25.0	26.0	27.0	28.0	29.0	30.0	31.0	32.0	33.0	34.0	35.0	36.0	37.0	38.0	39.0	40.0	41.0
fastQC | 75	105.0	622.0	1947.0	4184.0	7443.0	12480.0	20597.0	32552.0	48562.0	68330.0	90519.0	114851.0	140520.0	168911.0	199410.0	234786.0	278628.0	344038.0	459669.0	722260.0	1999805.0	137661.0
	19.0	20.0	21.0	22.0	23.0	24.0	25.0	26.0	27.0	28.0	29.0	30.0	31.0	32.0	33.0	34.0	35.0	36.0	37.0	38.0	39.0	40.0	41.0
fastQC | 76	2.0	280.0	1985.0	5868.0	12669.0	23101.0	39588.0	64976.0	104504.0	157936.0	224762.0	300886.0	381548.0	469123.0	562694.0	665079.0	781552.0	932109.0	1148937.0	1550761.0	2483664.0	7002680.0	470102.0
	19.0	20.0	21.0	22.0	23.0	24.0	25.0	26.0	27.0	28.0	29.0	30.0	31.0	32.0	33.0	34.0	35.0	36.0	37.0	38.0	39.0	40.0	41.0
fastQC | 77	1.0	170.0	1315.0	3895.0	8283.0	15171.0	25382.0	41513.0	65910.0	98576.0	139228.0	184649.0	234114.0	286797.0	342132.0	402551.0	473163.0	560937.0	690758.0	925332.0	1451047.0	3875158.0	255763.0
	19.0	20.0	21.0	22.0	23.0	24.0	25.0	26.0	27.0	28.0	29.0	30.0	31.0	32.0	33.0	34.0	35.0	36.0	37.0	38.0	39.0	40.0	41.0
fastQC | 78	1.0	158.0	894.0	2932.0	6433.0	11761.0	20390.0	34236.0	55306.0	85050.0	121620.0	164769.0	210516.0	260613.0	314094.0	372162.0	439219.0	521312.0	642274.0	863405.0	1376445.0	3819267.0	259757.0
	20.0	21.0	22.0	23.0	24.0	25.0	26.0	27.0	28.0	29.0	30.0	31.0	32.0	33.0	34.0	35.0	36.0	37.0	38.0	39.0	40.0	41.0
fastQC | 79	227.0	1529.0	4826.0	10378.0	19005.0	31969.0	52182.0	83045.0	123596.0	174010.0	231601.0	294280.0	360847.0	430492.0	509278.0	596345.0	704835.0	865026.0	1153604.0	1789665.0	4789516.0	325864.0
	20.0	21.0	22.0	23.0	24.0	25.0	26.0	27.0	28.0	29.0	30.0	31.0	32.0	33.0	34.0	35.0	36.0	37.0	38.0	39.0	40.0	41.0
fastQC | 8	29.0	265.0	832.0	1781.0	3194.0	5486.0	9117.0	14655.0	22475.0	31196.0	40772.0	50243.0	59070.0	69433.0	79599.0	91359.0	106005.0	130681.0	177391.0	295447.0	513787.0	2704.0
	20.0	21.0	22.0	23.0	24.0	25.0	26.0	27.0	28.0	29.0	30.0	31.0	32.0	33.0	34.0	35.0	36.0	37.0	38.0	39.0	40.0	41.0
fastQC | 80	111.0	823.0	2482.0	5146.0	9572.0	16374.0	27057.0	44089.0	67056.0	96180.0	128433.0	164728.0	201437.0	242571.0	286891.0	338336.0	401069.0	496720.0	668924.0	1076171.0	3048484.0	205059.0
	19.0	20.0	21.0	22.0	23.0	24.0	25.0	26.0	27.0	28.0	29.0	30.0	31.0	32.0	33.0	34.0	35.0	36.0	37.0	38.0	39.0	40.0	41.0
fastQC | 81	1.0	44.0	277.0	950.0	2003.0	3835.0	6626.0	10947.0	17544.0	26897.0	37694.0	50624.0	63300.0	78461.0	94003.0	110957.0	130832.0	154349.0	190474.0	255970.0	411494.0	1141701.0	78201.0
	19.0	20.0	21.0	22.0	23.0	24.0	25.0	26.0	27.0	28.0	29.0	30.0	31.0	32.0	33.0	34.0	35.0	36.0	37.0	38.0	39.0	40.0	41.0
fastQC | 82	1.0	86.0	654.0	1918.0	4193.0	7244.0	11652.0	18539.0	28570.0	41109.0	56092.0	72632.0	91708.0	110857.0	130956.0	153600.0	178961.0	209719.0	253850.0	333704.0	509495.0	1332864.0	88291.0
	19.0	20.0	21.0	22.0	23.0	24.0	25.0	26.0	27.0	28.0	29.0	30.0	31.0	32.0	33.0	34.0	35.0	36.0	37.0	38.0	39.0	40.0	41.0
fastQC | 83	2.0	183.0	1261.0	3775.0	8095.0	14207.0	22988.0	36458.0	56170.0	83037.0	114773.0	153016.0	193003.0	234261.0	280223.0	329073.0	384525.0	456285.0	558746.0	740136.0	1150530.0	3131128.0	215697.0
	19.0	20.0	21.0	22.0	23.0	24.0	25.0	26.0	27.0	28.0	29.0	30.0	31.0	32.0	33.0	34.0	35.0	36.0	37.0	38.0	39.0	40.0	41.0
fastQC | 84	1.0	224.0	1651.0	4858.0	10294.0	18096.0	29177.0	47270.0	71768.0	104624.0	144176.0	189268.0	236564.0	287531.0	339586.0	398322.0	464755.0	547670.0	668345.0	885088.0	1374064.0	3732242.0	249068.0
	19.0	20.0	21.0	22.0	23.0	24.0	25.0	26.0	27.0	28.0	29.0	30.0	31.0	32.0	33.0	34.0	35.0	36.0	37.0	38.0	39.0	40.0	41.0
fastQC | 85	2.0	138.0	993.0	3096.0	6545.0	11935.0	19916.0	32312.0	50500.0	74004.0	102803.0	135677.0	170871.0	209963.0	248483.0	291822.0	340470.0	400587.0	489265.0	650908.0	1020718.0	2723730.0	177018.0
	20.0	21.0	22.0	23.0	24.0	25.0	26.0	27.0	28.0	29.0	30.0	31.0	32.0	33.0	34.0	35.0	36.0	37.0	38.0	39.0	40.0	41.0
fastQC | 86	14.0	98.0	291.0	625.0	1129.0	1975.0	3261.0	5404.0	8173.0	11469.0	15368.0	19806.0	24244.0	29038.0	34659.0	40899.0	48593.0	60399.0	81139.0	130521.0	369447.0	26243.0
	19.0	20.0	21.0	22.0	23.0	24.0	25.0	26.0	27.0	28.0	29.0	30.0	31.0	32.0	33.0	34.0	35.0	36.0	37.0	38.0	39.0	40.0	41.0
fastQC | 87	2.0	169.0	1225.0	3396.0	7202.0	13764.0	23341.0	38168.0	61055.0	91693.0	128895.0	170603.0	216486.0	266182.0	317908.0	375154.0	440017.0	518159.0	634701.0	841262.0	1316918.0	3526455.0	226021.0
	20.0	21.0	22.0	23.0	24.0	25.0	26.0	27.0	28.0	29.0	30.0	31.0	32.0	33.0	34.0	35.0	36.0	37.0	38.0	39.0	40.0	41.0
fastQC | 88	141.0	1042.0	3094.0	6399.0	11175.0	17932.0	28422.0	43196.0	62755.0	85397.0	111261.0	139201.0	167596.0	200119.0	233025.0	274017.0	322098.0	394074.0	524018.0	810493.0	2206624.0	156792.0
	19.0	20.0	21.0	22.0	23.0	24.0	25.0	26.0	27.0	28.0	29.0	30.0	31.0	32.0	33.0	34.0	35.0	36.0	37.0	38.0	39.0	40.0	41.0
fastQC | 89	1.0	79.0	470.0	1465.0	3029.0	5497.0	8996.0	14765.0	23297.0	34220.0	47841.0	63716.0	80651.0	98576.0	117132.0	138980.0	161958.0	192126.0	235449.0	313080.0	487884.0	1327074.0	94725.0
	20.0	21.0	22.0	23.0	24.0	25.0	26.0	27.0	28.0	29.0	30.0	31.0	32.0	33.0	34.0	35.0	36.0	37.0	38.0	39.0	40.0	41.0
fastQC | 9	36.0	209.0	723.0	1514.0	2675.0	4512.0	7173.0	11632.0	17240.0	24485.0	32266.0	40939.0	50508.0	60232.0	70386.0	83136.0	98473.0	121375.0	163730.0	261898.0	745622.0	52653.0
	19.0	20.0	21.0	22.0	23.0	24.0	25.0	26.0	27.0	28.0	29.0	30.0	31.0	32.0	33.0	34.0	35.0	36.0	37.0	38.0	39.0	40.0	41.0
fastQC | 90	1.0	79.0	504.0	1592.0	3311.0	6288.0	10749.0	18182.0	29483.0	45392.0	64783.0	86185.0	109754.0	135645.0	163317.0	192063.0	226930.0	271403.0	336123.0	456035.0	737131.0	2067449.0	147715.0
	20.0	21.0	22.0	23.0	24.0	25.0	26.0	27.0	28.0	29.0	30.0	31.0	32.0	33.0	34.0	35.0	36.0	37.0	38.0	39.0	40.0	41.0
fastQC | 91	32.0	250.0	712.0	1530.0	2568.0	4289.0	7135.0	11063.0	16441.0	23596.0	31043.0	39318.0	48350.0	58097.0	67871.0	80723.0	95951.0	118569.0	160931.0	255406.0	729429.0	52600.0
	20.0	21.0	22.0	23.0	24.0	25.0	26.0	27.0	28.0	29.0	30.0	31.0	32.0	33.0	34.0	35.0	36.0	37.0	38.0	39.0	40.0	41.0
fastQC | 92	20.0	97.0	330.0	651.0	1224.0	2093.0	3520.0	5653.0	8641.0	12648.0	16665.0	21328.0	26264.0	32095.0	37577.0	45006.0	53944.0	66743.0	90671.0	146983.0	426644.0	29207.0
	20.0	21.0	22.0	23.0	24.0	25.0	26.0	27.0	28.0	29.0	30.0	31.0	32.0	33.0	34.0	35.0	36.0	37.0	38.0	39.0	40.0	41.0
fastQC | 93	19.0	179.0	508.0	1118.0	1950.0	3446.0	5468.0	8560.0	13025.0	18275.0	24349.0	30760.0	37952.0	45223.0	53515.0	62383.0	74532.0	91408.0	121705.0	192590.0	524224.0	35299.0
	20.0	21.0	22.0	23.0	24.0	25.0	26.0	27.0	28.0	29.0	30.0	31.0	32.0	33.0	34.0	35.0	36.0	37.0	38.0	39.0	40.0	41.0
fastQC | 94	17.0	142.0	479.0	1045.0	1849.0	3241.0	5301.0	8680.0	13894.0	20154.0	27153.0	34980.0	43978.0	53539.0	64441.0	76621.0	92334.0	114732.0	154051.0	243463.0	689351.0	50971.0
	19.0	20.0	21.0	22.0	23.0	24.0	25.0	26.0	27.0	28.0	29.0	30.0	31.0	32.0	33.0	34.0	35.0	36.0	37.0	38.0	39.0	40.0	41.0
fastQC | 95	1.0	91.0	682.0	1906.0	4068.0	7262.0	11863.0	18244.0	27442.0	39682.0	55150.0	72279.0	91238.0	110761.0	132231.0	155078.0	181315.0	212992.0	260409.0	343073.0	518862.0	1384942.0	102327.0
	20.0	21.0	22.0	23.0	24.0	25.0	26.0	27.0	28.0	29.0	30.0	31.0	32.0	33.0	34.0	35.0	36.0	37.0	38.0	39.0	40.0	41.0
fastQC | 96	19.0	186.0	542.0	1192.0	2130.0	3524.0	5771.0	8990.0	13812.0	19373.0	25511.0	32913.0	39922.0	47722.0	56916.0	66735.0	80491.0	98939.0	133429.0	214064.0	603685.0	42989.0
	20.0	21.0	22.0	23.0	24.0	25.0	26.0	27.0	28.0	29.0	30.0	31.0	32.0	33.0	34.0	35.0	36.0	37.0	38.0	39.0	40.0	41.0
fastQC | 97	44.0	313.0	1082.0	2531.0	4859.0	8754.0	15376.0	25965.0	40684.0	59217.0	80525.0	103375.0	128433.0	156317.0	187111.0	221256.0	264327.0	328581.0	449349.0	740594.0	2188491.0	147476.0
	19.0	20.0	21.0	22.0	23.0	24.0	25.0	26.0	27.0	28.0	29.0	30.0	31.0	32.0	33.0	34.0	35.0	36.0	37.0	38.0	39.0	40.0	41.0
fastQC | 98	2.0	243.0	1669.0	4772.0	10518.0	18907.0	31881.0	49907.0	77636.0	113890.0	158252.0	207658.0	262213.0	319931.0	378777.0	444144.0	516529.0	607600.0	737981.0	974484.0	1500072.0	3997516.0	260754.0
	19.0	20.0	21.0	22.0	23.0	24.0	25.0	26.0	27.0	28.0	29.0	30.0	31.0	32.0	33.0	34.0	35.0	36.0	37.0	38.0	39.0	40.0	41.0
fastQC | 99	4.0	136.0	929.0	2761.0	5999.0	10702.0	17886.0	28275.0	43849.0	65180.0	90643.0	119403.0	149859.0	182762.0	217233.0	255510.0	299714.0	353795.0	433658.0	576983.0	898329.0	2407356.0	158478.0

