Sample	Unique Reads	Duplicate Reads
fastQC | 1	434989.0	1435205.0
fastQC | 10	535593.0	4209090.0
fastQC | 100	734232.0	4478188.0
fastQC | 101	1010327.0	8074272.0
fastQC | 102	639774.0	5018781.0
fastQC | 103	1071547.0	9023667.0
fastQC | 104	904696.0	6985058.0
fastQC | 105	546269.0	739693.0
fastQC | 106	455120.0	629935.0
fastQC | 107	489946.0	741786.0
fastQC | 108	1245020.0	9327925.0
fastQC | 109	217543.0	1217614.0
fastQC | 11	259303.0	1159760.0
fastQC | 110	430414.0	633089.0
fastQC | 111	658928.0	844822.0
fastQC | 112	837119.0	1145623.0
fastQC | 113	829345.0	5328989.0
fastQC | 114	1694917.0	14192397.0
fastQC | 115	1058889.0	6553519.0
fastQC | 116	1577856.0	10345064.0
fastQC | 117	746602.0	4669962.0
fastQC | 118	1124051.0	7191484.0
fastQC | 119	1729843.0	18555552.0
fastQC | 12	307374.0	1695748.0
fastQC | 120	1859551.0	12067719.0
fastQC | 121	606086.0	1165641.0
fastQC | 122	487986.0	780174.0
fastQC | 123	465886.0	3341370.0
fastQC | 124	403332.0	2970166.0
fastQC | 125	502665.0	782306.0
fastQC | 126	713672.0	6198764.0
fastQC | 127	639203.0	4975973.0
fastQC | 128	475170.0	3448384.0
fastQC | 129	479827.0	3812339.0
fastQC | 13	540993.0	5367640.0
fastQC | 130	692526.0	4532975.0
fastQC | 131	382318.0	587072.0
fastQC | 132	363815.0	2830362.0
fastQC | 133	359869.0	3011118.0
fastQC | 134	426959.0	3476481.0
fastQC | 135	418231.0	3468839.0
fastQC | 136	335687.0	2383283.0
fastQC | 137	329304.0	492293.0
fastQC | 138	364728.0	2653796.0
fastQC | 139	715960.0	2314308.0
fastQC | 14	445494.0	905011.0
fastQC | 140	612804.0	1888972.0
fastQC | 141	607773.0	1903525.0
fastQC | 142	635642.0	2033548.0
fastQC | 143	481364.0	1956846.0
fastQC | 144	535579.0	1703751.0
fastQC | 145	971572.0	3323833.0
fastQC | 146	746697.0	2400548.0
fastQC | 147	316265.0	2141975.0
fastQC | 148	370426.0	2414920.0
fastQC | 149	288043.0	1703363.0
fastQC | 15	341866.0	2535938.0
fastQC | 150	341216.0	2281242.0
fastQC | 151	123262.0	1148773.0
fastQC | 152	343201.0	2211181.0
fastQC | 153	492402.0	3806396.0
fastQC | 154	328536.0	715828.0
fastQC | 155	347330.0	2521867.0
fastQC | 156	313673.0	1793611.0
fastQC | 157	346955.0	2608965.0
fastQC | 158	322400.0	2468252.0
fastQC | 159	355802.0	2645515.0
fastQC | 16	392132.0	3374548.0
fastQC | 160	186594.0	2400902.0
fastQC | 161	346498.0	2640491.0
fastQC | 162	147792.0	1922276.0
fastQC | 163	711305.0	6253657.0
fastQC | 164	634430.0	4633436.0
fastQC | 165	698251.0	5109048.0
fastQC | 166	1523121.0	17785176.0
fastQC | 167	598772.0	5461273.0
fastQC | 168	663548.0	5383016.0
fastQC | 169	597926.0	5347229.0
fastQC | 17	487371.0	3660612.0
fastQC | 170	602748.0	5184515.0
fastQC | 171	350481.0	1400037.0
fastQC | 172	692280.0	4718708.0
fastQC | 173	415127.0	3650425.0
fastQC | 174	828709.0	5463664.0
fastQC | 175	375595.0	3041779.0
fastQC | 176	558526.0	4437524.0
fastQC | 177	513064.0	3144968.0
fastQC | 178	505131.0	1795360.0
fastQC | 179	341953.0	1763030.0
fastQC | 18	933177.0	7307746.0
fastQC | 180	374261.0	1931151.0
fastQC | 181	342574.0	1743873.0
fastQC | 182	361463.0	2930521.0
fastQC | 183	299552.0	1755398.0
fastQC | 184	351261.0	1798015.0
fastQC | 185	353791.0	2586628.0
fastQC | 186	506349.0	2799978.0
fastQC | 187	200534.0	1724970.0
fastQC | 188	271124.0	1728803.0
fastQC | 189	275637.0	1747037.0
fastQC | 19	672299.0	4753298.0
fastQC | 190	303580.0	1896591.0
fastQC | 191	350936.0	2358973.0
fastQC | 192	143671.0	1077741.0
fastQC | 193	191134.0	1725445.0
fastQC | 194	282584.0	1562407.0
fastQC | 195	300119.0	2017272.0
fastQC | 196	381423.0	3119904.0
fastQC | 197	366595.0	2902074.0
fastQC | 198	462524.0	3630525.0
fastQC | 199	440734.0	3415440.0
fastQC | 2	148997.0	573704.0
fastQC | 20	811918.0	6337206.0
fastQC | 200	375636.0	3378643.0
fastQC | 201	429474.0	2397119.0
fastQC | 202	356150.0	2891928.0
fastQC | 203	320374.0	2134410.0
fastQC | 204	152090.0	1583060.0
fastQC | 205	121941.0	1373531.0
fastQC | 206	350088.0	2861862.0
fastQC | 207	144842.0	1903692.0
fastQC | 208	413460.0	3420194.0
fastQC | 209	113453.0	1086636.0
fastQC | 21	675148.0	5028861.0
fastQC | 210	161728.0	2114179.0
fastQC | 211	377507.0	3331305.0
fastQC | 212	384959.0	984774.0
fastQC | 213	311934.0	2107858.0
fastQC | 214	418975.0	1193134.0
fastQC | 215	484877.0	4290561.0
fastQC | 216	367999.0	915960.0
fastQC | 217	696137.0	6776956.0
fastQC | 218	541106.0	4878917.0
fastQC | 219	704621.0	4955694.0
fastQC | 22	969778.0	7717760.0
fastQC | 220	682732.0	4449630.0
fastQC | 221	388828.0	3049447.0
fastQC | 222	531087.0	3990585.0
fastQC | 223	721870.0	4901851.0
fastQC | 224	705540.0	4955431.0
fastQC | 225	634872.0	1944788.0
fastQC | 226	781863.0	4891953.0
fastQC | 227	428449.0	3119107.0
fastQC | 228	301189.0	1621366.0
fastQC | 229	366564.0	2342127.0
fastQC | 23	560180.0	4408417.0
fastQC | 230	368924.0	2469152.0
fastQC | 231	120192.0	1208444.0
fastQC | 232	312582.0	1989237.0
fastQC | 233	429722.0	2776315.0
fastQC | 234	150309.0	1376262.0
fastQC | 235	539708.0	3977417.0
fastQC | 236	419596.0	3112014.0
fastQC | 237	400808.0	2795351.0
fastQC | 238	592717.0	1482064.0
fastQC | 239	244002.0	2294271.0
fastQC | 24	1134075.0	9207726.0
fastQC | 241	532968.0	4376760.0
fastQC | 242	381679.0	903186.0
fastQC | 243	434442.0	3568594.0
fastQC | 244	351988.0	2619110.0
fastQC | 245	406452.0	3094539.0
fastQC | 246	850226.0	7691381.0
fastQC | 247	511215.0	2905420.0
fastQC | 248	379727.0	3162668.0
fastQC | 249	338667.0	2366483.0
fastQC | 25	619283.0	1203257.0
fastQC | 250	333659.0	2469331.0
fastQC | 251	197472.0	1336998.0
fastQC | 252	223637.0	1367271.0
fastQC | 253	302555.0	1557256.0
fastQC | 254	419516.0	2714466.0
fastQC | 255	158489.0	1012884.0
fastQC | 256	313106.0	1782559.0
fastQC | 257	267464.0	1330204.0
fastQC | 258	112805.0	1065764.0
fastQC | 259	287435.0	2157964.0
fastQC | 26	474704.0	1082690.0
fastQC | 260	292111.0	2172629.0
fastQC | 261	309465.0	1807108.0
fastQC | 262	357385.0	2691922.0
fastQC | 263	153181.0	2041690.0
fastQC | 264	301291.0	1848022.0
fastQC | 265	167952.0	2282736.0
fastQC | 266	249814.0	2550779.0
fastQC | 267	121088.0	1171601.0
fastQC | 268	186839.0	1240121.0
fastQC | 269	229366.0	1696660.0
fastQC | 27	473373.0	1190454.0
fastQC | 270	300681.0	2299213.0
fastQC | 271	260172.0	555698.0
fastQC | 272	236269.0	1593010.0
fastQC | 273	200918.0	1361839.0
fastQC | 274	175015.0	1401886.0
fastQC | 275	179780.0	1300217.0
fastQC | 276	208819.0	1292517.0
fastQC | 277	366970.0	2262246.0
fastQC | 278	309210.0	1781906.0
fastQC | 279	100063.0	924267.0
fastQC | 28	572205.0	1222608.0
fastQC | 280	418961.0	1951261.0
fastQC | 281	141741.0	1067608.0
fastQC | 282	198837.0	1295588.0
fastQC | 283	463095.0	3457380.0
fastQC | 284	927655.0	4953476.0
fastQC | 285	349946.0	2184663.0
fastQC | 286	338257.0	2664792.0
fastQC | 287	496196.0	3962558.0
fastQC | 288	492515.0	1142297.0
fastQC | 289	472282.0	3908864.0
fastQC | 29	669773.0	1228174.0
fastQC | 290	204992.0	2282836.0
fastQC | 291	1170979.0	6434711.0
fastQC | 292	605701.0	4080097.0
fastQC | 293	618310.0	3902324.0
fastQC | 294	1198004.0	3936946.0
fastQC | 295	559847.0	4063186.0
fastQC | 296	547088.0	3971570.0
fastQC | 297	586455.0	3722858.0
fastQC | 298	765843.0	5355202.0
fastQC | 299	355935.0	2700562.0
fastQC | 3	296557.0	889489.0
fastQC | 30	494232.0	1113786.0
fastQC | 300	270177.0	1973110.0
fastQC | 301	688535.0	5677459.0
fastQC | 302	419262.0	4463865.0
fastQC | 303	341122.0	2423957.0
fastQC | 304	379158.0	3449183.0
fastQC | 305	425264.0	3490721.0
fastQC | 306	555720.0	5047501.0
fastQC | 307	392235.0	2916932.0
fastQC | 308	353829.0	2479114.0
fastQC | 309	338931.0	2326383.0
fastQC | 31	589051.0	1075808.0
fastQC | 310	382491.0	3051481.0
fastQC | 311	385116.0	3079594.0
fastQC | 312	337397.0	2799710.0
fastQC | 313	408732.0	3202998.0
fastQC | 314	337409.0	2269947.0
fastQC | 315	390275.0	2712078.0
fastQC | 316	436035.0	2419580.0
fastQC | 317	440713.0	2453648.0
fastQC | 318	382741.0	2238293.0
fastQC | 319	531134.0	2930809.0
fastQC | 32	500959.0	1032356.0
fastQC | 320	475830.0	3040367.0
fastQC | 321	366973.0	2672903.0
fastQC | 322	356326.0	1981226.0
fastQC | 323	458314.0	3819356.0
fastQC | 324	491022.0	3684925.0
fastQC | 325	471056.0	3830764.0
fastQC | 326	557194.0	4621779.0
fastQC | 327	523253.0	4445332.0
fastQC | 328	450226.0	3793745.0
fastQC | 329	456088.0	3806503.0
fastQC | 33	610391.0	6107404.0
fastQC | 330	335028.0	2855975.0
fastQC | 34	266071.0	1269665.0
fastQC | 35	633694.0	1086087.0
fastQC | 36	302377.0	2265598.0
fastQC | 37	634536.0	6166638.0
fastQC | 38	587071.0	1281431.0
fastQC | 39	156976.0	978357.0
fastQC | 4	178254.0	805953.0
fastQC | 40	304604.0	1582435.0
fastQC | 41	429584.0	3637755.0
fastQC | 42	286688.0	1933763.0
fastQC | 43	278732.0	1656657.0
fastQC | 44	372553.0	2770149.0
fastQC | 45	425877.0	3509305.0
fastQC | 46	117058.0	731548.0
fastQC | 47	298105.0	2192049.0
fastQC | 48	337958.0	2405260.0
fastQC | 49	676471.0	4866528.0
fastQC | 5	393152.0	1119206.0
fastQC | 50	630892.0	4288605.0
fastQC | 51	732778.0	5354829.0
fastQC | 52	1342991.0	12760129.0
fastQC | 53	438024.0	2747245.0
fastQC | 54	768378.0	5310101.0
fastQC | 55	1368955.0	11359613.0
fastQC | 56	479472.0	3365784.0
fastQC | 57	628932.0	5232432.0
fastQC | 58	460238.0	3799805.0
fastQC | 59	396454.0	3215634.0
fastQC | 6	608912.0	2319282.0
fastQC | 60	480867.0	769968.0
fastQC | 61	810260.0	1074171.0
fastQC | 62	314619.0	2094256.0
fastQC | 63	595668.0	4337337.0
fastQC | 64	131129.0	857450.0
fastQC | 65	265070.0	1201507.0
fastQC | 66	536341.0	1143813.0
fastQC | 67	503177.0	4594349.0
fastQC | 68	397719.0	2180677.0
fastQC | 69	444003.0	4202057.0
fastQC | 7	453932.0	1450879.0
fastQC | 70	503169.0	4901289.0
fastQC | 71	474172.0	915007.0
fastQC | 72	165160.0	817367.0
fastQC | 73	1396533.0	11234066.0
fastQC | 74	1098601.0	9094765.0
fastQC | 75	651301.0	4436579.0
fastQC | 76	1479446.0	15905360.0
fastQC | 77	1105676.0	8976169.0
fastQC | 78	1126694.0	8455920.0
fastQC | 79	1355916.0	11196204.0
fastQC | 8	387954.0	1317567.0
fastQC | 80	794497.0	6733216.0
fastQC | 81	353714.0	2513470.0
fastQC | 82	414784.0	3221911.0
fastQC | 83	793989.0	7373583.0
fastQC | 84	961464.0	8843178.0
fastQC | 85	720323.0	6441433.0
fastQC | 86	127362.0	785433.0
fastQC | 87	980091.0	8238685.0
fastQC | 88	557319.0	5241552.0
fastQC | 89	366634.0	3084377.0
fastQC | 9	657837.0	1193580.0
fastQC | 90	484072.0	4626042.0
fastQC | 91	306246.0	1499658.0
fastQC | 92	186274.0	841730.0
fastQC | 93	501620.0	844868.0
fastQC | 94	279367.0	1421049.0
fastQC | 95	364071.0	3367827.0
fastQC | 96	262313.0	1236542.0
fastQC | 97	577753.0	4576907.0
fastQC | 98	1000679.0	9674657.0
fastQC | 99	692488.0	5626956.0
