Sample	FastQC_mqc-generalstats-fastqc-percent_duplicates	FastQC_mqc-generalstats-fastqc-percent_gc	FastQC_mqc-generalstats-fastqc-avg_sequence_length	FastQC_mqc-generalstats-fastqc-percent_fails	FastQC_mqc-generalstats-fastqc-total_sequences
fastQC | 1	76.74097097299014	52.0	132.6956406661555	9.090909090909092	1870194.0
fastQC | 10	88.71173879043027	46.0	135.97447816850988	9.090909090909092	4744683.0
fastQC | 100	85.9138020256372	48.0	134.7884372326098	9.090909090909092	5212420.0
fastQC | 101	88.87869222397653	50.0	133.58666904284934	9.090909090909092	9084599.0
fastQC | 102	88.69368907918238	45.0	134.12882122732748	9.090909090909092	5658555.0
fastQC | 103	89.38560369976102	48.0	134.0675659773037	9.090909090909092	10095214.0
fastQC | 104	88.53328204182668	44.0	134.0874096961705	9.090909090909092	7889754.0
fastQC | 105	57.520610837398266	48.0	133.4885066588282	9.090909090909092	1285962.0
fastQC | 106	58.05558354437029	49.0	132.96256871771476	18.181818181818183	1085055.0
fastQC | 107	60.22301044186898	49.0	133.58890570351343	18.181818181818183	1231732.0
fastQC | 108	88.22448026201107	51.0	133.9551019134215	9.090909090909092	10572945.0
fastQC | 109	84.8419102600817	58.0	132.82179928746473	9.090909090909092	1435157.0
fastQC | 11	81.72718789446321	42.0	134.443380596915	9.090909090909092	1419063.0
fastQC | 110	59.52870505796258	51.0	133.8045543830154	18.181818181818183	1063503.0
fastQC | 111	56.181025686737186	53.0	132.89866134663342	9.090909090909092	1503750.0
fastQC | 112	57.779731783061635	51.0	133.27547810052945	9.090909090909092	1982742.0
fastQC | 113	86.53296793699116	45.0	133.85647920362877	9.090909090909092	6158334.0
fastQC | 114	89.3316338555364	48.0	134.7453056570796	9.090909090909092	15887314.0
fastQC | 115	86.08997235050158	48.0	134.47302732591316	9.090909090909092	7612408.0
fastQC | 116	86.7661953429852	48.0	135.25692808473093	9.090909090909092	11922920.0
fastQC | 117	86.21633031821602	47.0	133.81397284330066	9.090909090909092	5416564.0
fastQC | 118	86.4825212502473	46.0	134.83594910008796	9.090909090909092	8315535.0
fastQC | 119	91.4724709728512	45.0	134.8868514022034	9.090909090909092	20285395.0
fastQC | 12	84.65526978595847	41.0	134.34000475258122	9.090909090909092	2003122.0
fastQC | 120	86.6481345325668	48.0	134.55129253615388	9.090909090909092	13927270.0
fastQC | 121	65.79127841320064	41.0	134.8559676519012	9.090909090909092	1771727.0
fastQC | 122	61.5202050768208	42.0	134.17962323366137	9.090909090909092	1268160.0
fastQC | 123	87.76321209698489	58.0	134.82450326429324	9.090909090909092	3807256.0
fastQC | 124	88.04412857000906	57.0	133.84237044160096	9.090909090909092	3373498.0
fastQC | 125	60.88125846546208	56.0	132.56196132052784	9.090909090909092	1284971.0
fastQC | 126	89.67554078235857	57.0	133.64339966402582	9.090909090909092	6912436.0
fastQC | 127	88.6165204664682	57.0	133.9259000964529	9.090909090909092	5615176.0
fastQC | 128	87.88931415926648	57.0	133.6233863481935	9.090909090909092	3923554.0
fastQC | 129	88.82088403135609	48.0	133.3534572055228	9.090909090909092	4292166.0
fastQC | 13	90.84402677000028	41.0	133.9629985480567	9.090909090909092	5908633.0
fastQC | 130	86.74720122548919	58.0	133.4443503120562	9.090909090909092	5225501.0
fastQC | 131	60.56098842408758	46.0	133.8466210709828	9.090909090909092	969390.0
fastQC | 132	88.61006570930005	49.0	134.13271086730634	9.090909090909092	3194177.0
fastQC | 133	89.32453100821805	50.0	135.76758616986658	18.181818181818183	3370987.0
fastQC | 134	89.061993391792	55.0	134.48647808087225	9.090909090909092	3903440.0
fastQC | 135	89.24046219425367	50.0	134.1713740683857	9.090909090909092	3887070.0
fastQC | 136	87.65390810052962	52.0	134.3234346094293	18.181818181818183	2718970.0
fastQC | 137	59.91911348528302	48.0	133.50955151978403	18.181818181818183	821597.0
fastQC | 138	87.91703175847697	52.0	134.48888496496963	18.181818181818183	3018524.0
fastQC | 139	76.3730477720172	49.0	133.74571325044516	9.090909090909092	3030268.0
fastQC | 14	67.01283957713886	42.0	134.44671289628695	9.090909090909092	1350505.0
fastQC | 140	75.50525292177286	50.0	133.33326285007132	18.181818181818183	2501776.0
fastQC | 141	75.79845480656856	49.0	133.69436363187484	9.090909090909092	2511298.0
fastQC | 142	76.18596403066111	50.0	133.8061145890701	18.181818181818183	2669190.0
fastQC | 143	80.25751050783629	46.0	133.42030259903783	9.090909090909092	2438210.0
fastQC | 144	76.08310157699705	49.0	133.5255036104549	18.181818181818183	2239330.0
fastQC | 145	77.38114045596211	49.0	133.41062158283094	18.181818181818183	4295405.0
fastQC | 146	76.27460724977846	52.0	133.59566700399873	18.181818181818183	3147245.0
fastQC | 147	87.13450401126434	56.0	135.17376293608436	18.181818181818183	2458240.0
fastQC | 148	86.70091577262778	55.0	135.4177994403568	18.181818181818183	2785346.0
fastQC | 149	85.53573440957967	55.0	134.78918111123497	18.181818181818183	1991406.0
fastQC | 15	88.12062637412416	47.0	135.4866599671138	9.090909090909092	2877804.0
fastQC | 150	86.98872328806931	53.0	134.9573156176381	18.181818181818183	2622458.0
fastQC | 151	90.30991747623665	55.0	134.58211527198543	18.181818181818183	1272035.0
fastQC | 152	86.56423760210872	52.0	135.38154708262115	18.181818181818183	2554382.0
fastQC | 153	88.54560712682718	53.0	135.20435759019148	18.181818181818183	4298798.0
fastQC | 154	68.5420592269091	58.0	135.06074797675907	18.181818181818183	1044364.0
fastQC | 155	87.89455446022606	47.0	134.53332866303708	9.090909090909092	2869197.0
fastQC | 156	85.11484723922914	55.0	134.17537693068422	9.090909090909092	2107284.0
fastQC | 157	88.26239324592225	46.0	133.94500899889036	9.090909090909092	2955920.0
fastQC | 158	88.44715429433849	44.0	134.31445088817955	9.090909090909092	2790652.0
fastQC | 159	88.14514861472483	47.0	134.20286294316796	9.090909090909092	3001317.0
fastQC | 16	89.5894641706267	43.0	134.53575403272907	9.090909090909092	3766680.0
fastQC | 160	92.78865666160641	45.0	134.2372463570958	9.090909090909092	2587496.0
fastQC | 161	88.39976348338071	48.0	134.97502635597252	9.090909090909092	2986989.0
fastQC | 162	92.86052906752603	44.0	134.27692278707752	9.090909090909092	2070068.0
fastQC | 163	89.78738466175633	46.0	134.8708944858565	9.090909090909092	6964962.0
fastQC | 164	87.956618170592	46.0	134.99493248309656	9.090909090909092	5267866.0
fastQC | 165	87.97632439838729	47.0	134.59284514194982	9.090909090909092	5807299.0
fastQC | 166	92.11157633487754	47.0	135.5310448145686	9.090909090909092	19308297.0
fastQC | 167	90.11935427531935	46.0	134.69891939746321	9.090909090909092	6060045.0
fastQC | 168	89.02603906770129	48.0	135.08819074767092	9.090909090909092	6046564.0
fastQC | 169	89.9426504258124	45.0	133.99361025911014	9.090909090909092	5945155.0
fastQC | 17	88.25042740216493	59.0	134.11819069653853	18.181818181818183	4147983.0
fastQC | 170	89.58492480812872	46.0	134.64156804347755	9.090909090909092	5787263.0
fastQC | 171	79.97845206865414	48.0	135.517503390425	18.181818181818183	1750518.0
fastQC | 172	87.20604198509005	46.0	133.80732779300195	9.090909090909092	5410988.0
fastQC | 173	89.78917687069635	45.0	134.2872980102087	9.090909090909092	4065552.0
fastQC | 174	86.82995246023467	50.0	135.3211807373784	18.181818181818183	6292373.0
fastQC | 175	89.00927942360786	44.0	134.30102909426947	9.090909090909092	3417374.0
fastQC | 176	88.82066742724922	42.0	133.7629817555869	9.090909090909092	4996050.0
fastQC | 177	85.97433924187612	47.0	135.1575472822545	9.090909090909092	3658032.0
fastQC | 178	78.04247106673992	43.0	134.3170288429731	9.090909090909092	2300491.0
fastQC | 179	83.7550757768617	55.0	135.10457566640682	18.181818181818183	2104983.0
fastQC | 18	88.67631155057224	55.0	133.52975388800502	9.090909090909092	8240923.0
fastQC | 180	83.76598240890809	53.0	134.78430493117932	9.090909090909092	2305412.0
fastQC | 181	83.58099688463439	51.0	134.72666403699688	18.181818181818183	2086447.0
fastQC | 182	89.01991709948209	50.0	135.45734213775037	18.181818181818183	3291984.0
fastQC | 183	85.42293628437727	56.0	134.3031519015061	18.181818181818183	2054950.0
fastQC | 184	83.65678418296689	54.0	134.88213612397848	18.181818181818183	2149276.0
fastQC | 185	87.96802155804654	52.0	135.3187759975704	9.090909090909092	2940419.0
fastQC | 186	84.68547053468913	53.0	134.75204721130123	9.090909090909092	3306327.0
fastQC | 187	89.58538367430657	47.0	133.7943587756764	9.090909090909092	1925504.0
fastQC | 188	86.44330520171926	47.0	134.11231559951938	9.090909090909092	1999927.0
fastQC | 189	86.37266991960644	49.0	134.18835956758232	9.090909090909092	2022674.0
fastQC | 19	87.60876939861794	57.0	134.68718741919093	9.090909090909092	5425597.0
fastQC | 190	86.20198776885272	47.0	134.2167667876724	9.090909090909092	2200171.0
fastQC | 191	87.04992662688859	46.0	134.0460159363285	9.090909090909092	2709909.0
fastQC | 192	88.23735259381638	45.0	133.77769827052623	9.090909090909092	1221412.0
fastQC | 193	90.02737321800555	46.0	134.4304993428395	9.090909090909092	1916579.0
fastQC | 194	84.68377346092646	48.0	133.5538840026862	9.090909090909092	1844991.0
fastQC | 195	87.04930825960099	45.0	133.9019820133935	9.090909090909092	2317391.0
fastQC | 196	89.10634645579466	45.0	134.13583478492583	9.090909090909092	3501327.0
fastQC | 197	88.78459264192867	47.0	135.4589684669815	9.090909090909092	3268669.0
fastQC | 198	88.69976961674651	46.0	134.98247858747843	9.090909090909092	4093049.0
fastQC | 199	88.57070493703411	46.0	134.36389307121516	9.090909090909092	3856174.0
fastQC | 2	79.38334274308176	56.0	132.18893152216478	9.090909090909092	722701.0
fastQC | 20	88.64311661869404	49.0	135.0340086421777	18.181818181818183	7149124.0
fastQC | 200	89.99446242960342	43.0	134.17008698607643	9.090909090909092	3754279.0
fastQC | 201	84.80595451833531	48.0	134.4571765372659	9.090909090909092	2826593.0
fastQC | 202	89.0350544740149	45.0	134.7136272589513	9.090909090909092	3248078.0
fastQC | 203	86.949009855799	50.0	134.72153395166336	9.090909090909092	2454784.0
fastQC | 204	91.23477180013239	51.0	134.55687001123823	18.181818181818183	1735150.0
fastQC | 205	91.84603577884056	49.0	134.54354009971433	9.090909090909092	1495472.0
fastQC | 206	89.10046031963239	49.0	135.14223042077242	9.090909090909092	3211950.0
fastQC | 207	92.92950658029164	47.0	134.65689219705408	9.090909090909092	2048534.0
fastQC | 208	89.21499381677428	53.0	134.63083549010943	18.181818181818183	3833654.0
fastQC | 209	90.54635531262639	49.0	135.1943322536912	9.090909090909092	1200089.0
fastQC | 21	88.16362999635103	58.0	133.35551714592316	9.090909090909092	5704009.0
fastQC | 210	92.89392926214673	50.0	134.1695675614162	18.181818181818183	2275907.0
fastQC | 211	89.82135607832323	49.0	135.29720622129133	9.090909090909092	3708812.0
fastQC | 212	71.89536086059603	52.0	135.12123238616576	18.181818181818183	1369733.0
fastQC | 213	87.10906872169947	53.0	135.25647204387815	18.181818181818183	2419792.0
fastQC | 214	74.01076712897436	49.0	135.42464498368287	9.090909090909092	1612109.0
fastQC | 215	89.84644265825268	49.0	134.99391050621952	9.090909090909092	4775438.0
fastQC | 216	71.33876613301277	50.0	135.61279526838473	18.181818181818183	1283959.0
fastQC | 217	90.68475946339822	50.0	134.6287301656757	9.090909090909092	7473093.0
fastQC | 218	90.01655144749786	51.0	134.6118141934084	9.090909090909092	5420023.0
fastQC | 219	87.5515744039592	44.0	133.78245945676167	9.090909090909092	5660315.0
fastQC | 22	88.83713777987312	56.0	134.70678677894705	9.090909090909092	8687538.0
fastQC | 220	86.69751228722615	45.0	132.75089676059483	9.090909090909092	5132362.0
fastQC | 221	88.69120536734893	44.0	135.06936734263547	9.090909090909092	3438275.0
fastQC | 222	88.25465168799977	45.0	133.75595045372597	9.090909090909092	4521672.0
fastQC | 223	87.16384829017493	44.0	134.04663780440032	9.090909090909092	5623721.0
fastQC | 224	87.53677685145169	44.0	133.5444415807818	9.090909090909092	5660971.0
fastQC | 225	75.38932217688858	44.0	134.14591806672198	9.090909090909092	2579660.0
fastQC | 226	86.21981671155484	47.0	134.17369985209248	9.090909090909092	5673816.0
fastQC | 227	87.92270603482059	52.0	134.59547869011794	9.090909090909092	3547556.0
fastQC | 228	84.3339391134789	53.0	133.97503374415817	18.181818181818183	1922555.0
fastQC | 229	86.46714719884655	52.0	135.06967239895582	9.090909090909092	2708691.0
fastQC | 23	88.72560395925345	56.0	134.39050118172193	9.090909090909092	4968597.0
fastQC | 230	87.00094228672968	51.0	134.19755919150862	9.090909090909092	2838076.0
fastQC | 231	90.95378073633529	54.0	133.99430694336147	18.181818181818183	1328636.0
fastQC | 232	86.42022339267034	51.0	134.37876044988766	18.181818181818183	2301819.0
fastQC | 233	86.59648879228821	54.0	135.0811122890971	9.090909090909092	3206037.0
fastQC | 234	90.15383826049455	55.0	134.30701814720703	9.090909090909092	1526571.0
fastQC | 235	88.05196507325735	56.0	133.9479354678031	18.181818181818183	4517125.0
fastQC | 236	88.11884794317837	54.0	134.62435008395605	9.090909090909092	3531610.0
fastQC | 237	87.45970171474472	57.0	134.56518996708238	18.181818181818183	3196159.0
fastQC | 238	71.43235334600446	53.0	134.92600809434828	9.090909090909092	2074781.0
fastQC | 239	90.38711678777963	55.0	134.53924341471543	9.090909090909092	2538273.0
fastQC | 24	89.0340677645168	55.0	134.23622104119002	9.090909090909092	10341801.0
fastQC | 241	89.14466973292338	52.0	134.62963487997706	18.181818181818183	4909728.0
fastQC | 242	70.29428537915737	50.0	134.29295139956338	9.090909090909092	1284865.0
fastQC | 243	89.14719352293952	47.0	134.8997553357002	9.090909090909092	4003036.0
fastQC | 244	88.15295084254838	46.0	134.95466490839414	9.090909090909092	2971098.0
fastQC | 245	88.39038365840634	49.0	135.51756916827264	9.090909090909092	3500991.0
fastQC | 246	90.04607134880868	48.0	134.94693211710631	9.090909090909092	8541607.0
fastQC | 247	85.0374716805463	47.0	134.90460643293767	9.090909090909092	3416635.0
fastQC | 248	89.28051861761648	46.0	135.23248226129496	9.090909090909092	3542395.0
fastQC | 249	87.48068722965962	49.0	134.74650647838382	9.090909090909092	2705150.0
fastQC | 25	66.0209135038228	42.0	134.67191611706738	9.090909090909092	1822540.0
fastQC | 250	88.09632530868774	47.0	134.52008141306248	9.090909090909092	2802990.0
fastQC | 251	87.13095574511057	46.0	133.7929812899568	9.090909090909092	1534470.0
fastQC | 252	85.94284102411586	47.0	133.42077920282003	9.090909090909092	1590908.0
fastQC | 253	83.73195605599035	43.0	134.16460382264648	9.090909090909092	1859811.0
fastQC | 254	86.61398270097787	47.0	133.27375109365656	9.090909090909092	3133982.0
fastQC | 255	86.4698647702646	47.0	133.69282542793798	9.090909090909092	1171373.0
fastQC | 256	85.05935653637101	47.0	133.9822490712972	9.090909090909092	2095665.0
fastQC | 257	83.259142980399	47.0	133.84216620724706	9.090909090909092	1597668.0
fastQC | 258	90.42870624223043	47.0	134.22616664785855	9.090909090909092	1178569.0
fastQC | 259	88.24589210100288	54.0	135.01396663693737	18.181818181818183	2445399.0
fastQC | 26	69.51935410414642	40.0	133.83963274547096	9.090909090909092	1557394.0
fastQC | 260	88.14841483520843	53.0	134.7859932487808	9.090909090909092	2464740.0
fastQC | 261	85.37900454700525	53.0	134.7636193034684	18.181818181818183	2116573.0
fastQC | 262	88.27980576520048	52.0	134.8010856237171	9.090909090909092	3049307.0
fastQC | 263	93.02099108344345	54.0	135.01218021469143	9.090909090909092	2194871.0
fastQC | 264	85.98199598605103	54.0	135.11978897443043	18.181818181818183	2149313.0
fastQC | 265	93.14675782473002	53.0	135.50513039603572	18.181818181818183	2450688.0
fastQC | 266	91.07996704419423	49.0	135.34034827624006	9.090909090909092	2800593.0
fastQC | 267	90.63291368559996	47.0	135.29888859578753	9.090909090909092	1292689.0
fastQC | 268	86.90653773156744	48.0	134.40677524247351	9.090909090909092	1426960.0
fastQC | 269	88.09125080636453	44.0	134.3386963623544	9.090909090909092	1926026.0
fastQC | 27	71.54920198716034	43.0	135.959151402159	9.090909090909092	1663827.0
fastQC | 270	88.4348774214449	45.0	134.86258016672988	9.090909090909092	2599894.0
fastQC | 271	68.11113699430474	47.0	133.74787037150526	18.181818181818183	815870.0
fastQC | 272	87.08408171082303	44.0	134.82250930557888	9.090909090909092	1829279.0
fastQC | 273	87.14336398897039	44.0	134.18833062337907	9.090909090909092	1562757.0
fastQC | 274	88.90135184829275	43.0	134.02078760809968	9.090909090909092	1576901.0
fastQC | 275	87.85273734401423	52.0	134.6500918582943	18.181818181818183	1479997.0
fastQC | 276	86.09115970630484	55.0	134.95094635711126	18.181818181818183	1501336.0
fastQC | 277	86.04263374015525	57.0	134.90080198812117	9.090909090909092	2629216.0
fastQC | 278	85.21316495800626	56.0	134.84905954523805	18.181818181818183	2091116.0
fastQC | 279	90.2314150711712	52.0	133.9765222145207	18.181818181818183	1024330.0
fastQC | 28	68.11899489345616	41.0	134.81121765888702	9.090909090909092	1794813.0
fastQC | 280	82.32398140266149	51.0	134.36254536494894	9.090909090909092	2370222.0
fastQC | 281	88.2796275618523	54.0	134.76255241456354	18.181818181818183	1209349.0
fastQC | 282	86.69476216056205	56.0	134.50474664168493	18.181818181818183	1494425.0
fastQC | 283	88.18779801663003	58.0	134.54263577755248	9.090909090909092	3920475.0
fastQC | 284	84.22659710811462	59.0	134.55220279908747	18.181818181818183	5881131.0
fastQC | 285	86.19331778063624	52.0	134.84146154298355	18.181818181818183	2534609.0
fastQC | 286	88.73624197447933	46.0	134.82306782207016	9.090909090909092	3003049.0
fastQC | 287	88.871436861972	63.0	134.5887025837263	18.181818181818183	4458754.0
fastQC | 288	69.8733550949449	58.0	134.64138200600436	18.181818181818183	1634812.0
fastQC | 289	89.22013034011108	55.0	134.8449497003752	18.181818181818183	4381146.0
fastQC | 29	64.71068340075527	43.0	134.58335822865445	9.090909090909092	1897947.0
fastQC | 290	91.76022239782202	53.0	135.3497621218187	18.181818181818183	2487828.0
fastQC | 291	84.60391642537512	49.0	134.29124655356713	18.181818181818183	7605690.0
fastQC | 292	87.07369741587827	45.0	133.97208927913667	9.090909090909092	4685798.0
fastQC | 293	86.32249691602382	46.0	134.24540097694262	9.090909090909092	4520634.0
fastQC | 294	76.66960917745767	46.0	133.8156266370656	9.090909090909092	5134950.0
fastQC | 295	87.89006564136031	42.0	133.057148629482	9.090909090909092	4623033.0
fastQC | 296	87.89268860441496	43.0	133.7263267102755	9.090909090909092	4518658.0
fastQC | 297	86.39099836408474	47.0	134.16623763462994	9.090909090909092	4309313.0
fastQC | 298	87.48837589129622	45.0	133.6877750449474	9.090909090909092	6121045.0
fastQC | 299	88.35481640439329	51.0	135.33196139240445	9.090909090909092	3056497.0
fastQC | 3	74.99618270305713	56.0	131.53853391858325	9.090909090909092	1186046.0
fastQC | 30	69.26457811705703	40.0	133.6569715015628	9.090909090909092	1608018.0
fastQC | 300	87.95624438538115	50.0	134.86819608904256	9.090909090909092	2243287.0
fastQC | 301	89.1841764558009	54.0	134.97747720151793	18.181818181818183	6365994.0
fastQC | 302	91.41408237750305	49.0	135.3583240820892	9.090909090909092	4883127.0
fastQC | 303	87.6632398589824	49.0	134.99861269786504	9.090909090909092	2765079.0
fastQC | 304	90.09604795983118	50.0	135.80616225148177	9.090909090909092	3828341.0
fastQC | 305	89.1403181755401	49.0	135.43579099511362	9.090909090909092	3915985.0
fastQC | 306	90.08213342822995	56.0	134.2511632148723	9.090909090909092	5603221.0
fastQC | 307	88.14703906336408	46.0	135.03238579376622	9.090909090909092	3309167.0
fastQC | 308	87.51020907142338	48.0	134.68959629614855	9.090909090909092	2832943.0
fastQC | 309	87.28366563361297	47.0	134.99326871055342	9.090909090909092	2665314.0
fastQC | 31	64.61859352861624	43.0	135.08154023854271	9.090909090909092	1664859.0
fastQC | 310	88.8615835169178	44.0	134.8446224954659	9.090909090909092	3433972.0
fastQC | 311	88.88463801678822	46.0	134.71164224422824	9.090909090909092	3464710.0
fastQC | 312	89.24498067303841	43.0	134.81822296784904	9.090909090909092	3137107.0
fastQC | 313	88.68323449350011	45.0	134.89495643362045	9.090909090909092	3611730.0
fastQC | 314	87.0593497981169	49.0	134.8260624939594	9.090909090909092	2607356.0
fastQC | 315	87.42005358803277	50.0	134.40665359486815	9.090909090909092	3102353.0
fastQC | 316	84.73063952512402	48.0	134.30936418249658	9.090909090909092	2855615.0
fastQC | 317	84.77342392654371	50.0	134.69780583693603	9.090909090909092	2894361.0
fastQC | 318	85.39733602417797	49.0	135.1581227103502	9.090909090909092	2621034.0
fastQC | 319	84.65793027584294	47.0	133.74535687040486	9.090909090909092	3461943.0
fastQC | 32	67.32841372482567	40.0	133.31878837681754	9.090909090909092	1533315.0
fastQC | 320	86.46748234808007	48.0	134.85372122210444	9.090909090909092	3516197.0
fastQC | 321	87.92804653312011	49.0	134.23677018404697	9.090909090909092	3039876.0
fastQC | 322	84.75648236448235	50.0	135.1974822378283	18.181818181818183	2337552.0
fastQC | 323	89.28589891689326	46.0	134.72645669254524	9.090909090909092	4277670.0
fastQC | 324	88.24168478227406	47.0	133.60632785808824	9.090909090909092	4175947.0
fastQC | 325	89.04984651165299	50.0	135.44775978539315	9.090909090909092	4301820.0
fastQC | 326	89.2412371120188	49.0	134.8128679180216	9.090909090909092	5178973.0
fastQC | 327	89.4687777936748	47.0	134.58406025055424	9.090909090909092	4968585.0
fastQC | 328	89.39140080448718	46.0	135.21416004020762	9.090909090909092	4243971.0
fastQC | 329	89.30022163762868	47.0	135.07536871353597	9.090909090909092	4262591.0
fastQC | 33	90.91382448085544	43.0	134.22877149421797	9.090909090909092	6717795.0
fastQC | 330	89.50088223000745	44.0	133.99885678578178	9.090909090909092	3191003.0
fastQC | 34	82.6747313499616	43.0	134.17786846176688	9.090909090909092	1535736.0
fastQC | 35	63.1526565861191	49.0	135.16772833285168	18.181818181818183	1719781.0
fastQC | 36	88.22509366939201	45.0	134.48886729816294	9.090909090909092	2567975.0
fastQC | 37	90.67020279055002	47.0	134.62339222610686	9.090909090909092	6801174.0
fastQC | 38	68.58070300961037	42.0	134.81162610476198	9.090909090909092	1868502.0
fastQC | 39	86.17362606712048	43.0	134.21445073824157	9.090909090909092	1135333.0
fastQC | 4	81.88865525512571	49.0	132.4143508428613	18.181818181818183	984207.0
fastQC | 40	83.85810071397472	42.0	134.81758882566814	9.090909090909092	1887039.0
fastQC | 41	89.43821125307262	46.0	134.48697662034073	9.090909090909092	4067339.0
fastQC | 42	87.08879408004783	50.0	134.98121732927228	18.181818181818183	2220451.0
fastQC | 43	85.59818660879172	51.0	135.7631561407035	18.181818181818183	1935389.0
fastQC | 44	88.14548073371388	54.0	134.90622846200498	18.181818181818183	3142702.0
fastQC | 45	89.17770702605219	49.0	133.9104082098363	9.090909090909092	3935182.0
fastQC | 46	86.20592240607257	59.0	134.29380772702527	18.181818181818183	848606.0
fastQC | 47	88.02866726647129	49.0	134.67560761302312	9.090909090909092	2490154.0
fastQC | 48	87.68024599513717	49.0	134.80789386771303	18.181818181818183	2743218.0
fastQC | 49	87.79594264734082	43.0	134.00363214931124	9.090909090909092	5542999.0
fastQC | 5	74.00407698158719	57.0	131.34377706865703	9.090909090909092	1512358.0
fastQC | 50	87.17568678744414	44.0	133.69329933527757	9.090909090909092	4919497.0
fastQC | 51	87.96279498643878	45.0	134.52092817423988	9.090909090909092	6087607.0
fastQC | 52	90.47735418525706	44.0	134.52586980753196	9.090909090909092	14103120.0
fastQC | 53	86.24847144491923	47.0	133.942555558102	9.090909090909092	3185269.0
fastQC | 54	87.35905314427048	48.0	135.0864887416737	18.181818181818183	6078479.0
fastQC | 55	89.24502103950557	47.0	134.7922568351758	9.090909090909092	12728568.0
fastQC | 56	87.53082920718003	42.0	134.45648924284885	9.090909090909092	3845256.0
fastQC | 57	89.26987002429172	49.0	134.5027891118859	9.090909090909092	5861364.0
fastQC | 58	89.19640048911106	48.0	134.66855240663062	9.090909090909092	4260043.0
fastQC | 59	89.02425209724493	47.0	134.38955529322652	9.090909090909092	3612088.0
fastQC | 6	79.20522577381877	47.0	132.90520266075268	9.090909090909092	2928194.0
fastQC | 60	61.55632068430024	47.0	134.0274088908609	18.181818181818183	1250835.0
fastQC | 61	57.002457471705306	52.0	133.9137835240452	9.090909090909092	1884431.0
fastQC | 62	86.93918877359292	48.0	134.2867446422085	18.181818181818183	2408875.0
fastQC | 63	87.92485344853304	49.0	134.483702327486	9.090909090909092	4933005.0
fastQC | 64	86.73563192644987	46.0	134.53480096178455	9.090909090909092	988579.0
fastQC | 65	81.92599988165443	41.0	135.23531120425318	9.090909090909092	1466577.0
fastQC | 66	68.07788831360722	41.0	134.05097330363765	9.090909090909092	1680154.0
fastQC | 67	90.12899614049971	43.0	134.9028952476162	9.090909090909092	5097526.0
fastQC | 68	84.57497164976988	42.0	134.86503353247522	9.090909090909092	2578396.0
fastQC | 69	90.44346037499987	41.0	134.13267951769888	9.090909090909092	4646060.0
fastQC | 7	76.16922196912617	55.0	131.99501682844124	9.090909090909092	1904811.0
fastQC | 70	90.68974758960047	40.0	134.43848615346812	9.090909090909092	5404458.0
fastQC | 71	65.86675827481976	42.0	134.57303990342498	9.090909090909092	1389179.0
fastQC | 72	83.19030165883245	43.0	134.30304408937363	9.090909090909092	982527.0
fastQC | 73	88.94326045916671	46.0	134.7063758417158	9.090909090909092	12630599.0
fastQC | 74	89.22239659728913	44.0	134.17686238284782	9.090909090909092	10193366.0
fastQC | 75	87.19898224028523	44.0	134.46477275407437	9.090909090909092	5087880.0
fastQC | 76	91.49001013766765	45.0	134.79944078754747	9.090909090909092	17384806.0
fastQC | 77	89.03300117656184	44.0	134.2496592637558	9.090909090909092	10081845.0
fastQC | 78	88.24232063979096	44.0	134.68802781787934	9.090909090909092	9582614.0
fastQC | 79	89.1977202318624	44.0	134.1222614187882	9.090909090909092	12552120.0
fastQC | 8	77.25306783935716	50.0	132.1019442152867	18.181818181818183	1705521.0
fastQC | 80	89.4457151002837	43.0	134.7972539601337	9.090909090909092	7527713.0
fastQC | 81	87.66338298263531	48.0	134.82364124520785	9.090909090909092	2867184.0
fastQC | 82	88.59448296536938	46.0	133.35948876658614	9.090909090909092	3636695.0
fastQC | 83	90.27877060247856	43.0	133.85992740559863	9.090909090909092	8167572.0
fastQC | 84	90.19379344401031	46.0	133.87143293962185	9.090909090909092	9804642.0
fastQC | 85	89.9421012396406	46.0	134.0147142684001	9.090909090909092	7161756.0
fastQC | 86	86.0471144692852	48.0	135.09317754808035	18.181818181818183	912795.0
fastQC | 87	89.3685376652461	51.0	134.2812553423578	18.181818181818183	9218776.0
fastQC | 88	90.38919479214906	43.0	133.8023411798607	9.090909090909092	5798871.0
fastQC | 89	89.37606531820467	43.0	134.08938337200317	9.090909090909092	3451011.0
fastQC | 9	64.46850489417454	44.0	134.53328990713598	9.090909090909092	1851417.0
fastQC | 90	90.52718194748975	44.0	135.11716490082216	9.090909090909092	5110114.0
fastQC | 91	83.04199578142543	41.0	134.63899852926843	9.090909090909092	1805904.0
fastQC | 92	81.88008859929019	46.0	135.32432364076405	9.090909090909092	1028004.0
fastQC | 93	62.74611625551711	44.0	134.34387755405172	9.090909090909092	1346488.0
fastQC | 94	83.5706896214791	39.0	134.80219840321428	9.090909090909092	1700416.0
fastQC | 95	90.2443733746787	40.0	133.3648269593649	9.090909090909092	3731898.0
fastQC | 96	82.49917212840454	42.0	134.67425935130484	9.090909090909092	1498855.0
fastQC | 97	88.79165601618948	48.0	135.66503183527138	9.090909090909092	5154660.0
fastQC | 98	90.62625400513348	46.0	133.70945570237788	9.090909090909092	10675336.0
fastQC | 99	89.0419549167292	45.0	134.00126450997905	9.090909090909092	6319444.0
