1600112974
1600112976
1600112978
1600112980
1600112982
1600112984
1600112986
1600112988
1600112990
1600112992
1600112995
1600112997
1600112999
1600113001
1600113003
1600113005
1600113007
1600113009
1600113011
1600113013
1600113015
1600113017
1600113019
1600113021
1600113023
1600113025
1600113027
1600113029
1600113031
1600113033
1600113035
1600113037
1600113039
1600113041
1600113043
1600113045
1600113047
1600113049
1600113051
1600113053
1600113055
1600113057
1600113059
1600113061
1600113063
1600113065
1600113067
1623964590
1623964592
1623964596
